-0.6096814801766689
-0.7854393911893346
0.8299523939230906
-0.8354624737524727
-0.07134512777052322
0.0003062773319294381
-0.7299109897316878
-0.07134512777052322
0.034856340639981956
-0.024406579694134643
-0.4292824981088732
0.0010091178194663068
0.02608648267911484
0.4485736870009557
-0.4269860875992718
0.06197503511141895
0.01720142732597119
-0.07134512777052322
-0.4105043918404902
-0.06011801663001603
-0.8221038578151935
-0.04508774476654764
-0.07134512777052322
0.056739363429594514
0.4681294546562711
0.7325795508040889
0.04048607371844106
-0.42281132118260306
0.04269515800534615
0.005657403691272504
-0.8157091659147795
-0.07134512777052322
0.02248158445610989
0.02248158445610989
0.8338976482750305
-0.07134512777052322
-0.07134512777052322
0.001498520544847836
0.48710384409068747
0.024555253710422487
-0.010550354831550328
-0.07134512777052322
-0.0391130834731741
0.07291140080138289
0.025991785110968217
0.013969343718316499
0.026278782648786813
-0.012823594438505673
0.004141005971859564
0.9967812203352634
-0.012943605554666952
0.016082402513244685
0.08720724779146874
-0.012792222238015379
-0.0013922866384256803
-0.0008887462215086023
0.023439100532978957
-0.07134512777052322
0.2536693997634582
0.0025318638370626697
-0.5617405503759029
0.014554319064125309
0.0012658267921636193
0.005066162204889572
-0.07134512777052322
0.004093814878741097
0.02347893824788727
0.032499773812676734
-0.8299523939230906
-0.8299523939230906
-0.07518630031312608
-0.006023030918891383
0.4338218880139432
0.038404019001416996
0.04481917217187412
0.011386282882709665
-0.005842864853218558
-0.7950960532831086
0.015594177740148783
-0.8299523939230906
0.021228729819863294
0.002002309947483091
0.6267439930541411
-0.814940298017049
-0.02658719295836864
-0.07134512777052322
0.4902551454206069
0.5049490556020976
0.013190101415662108
0.0028225021012536463
-0.07134512777052322
0.02241742913605964
-0.07134512777052322
0.01660842634051314
0.0018972877715560635
0.01810507949247465
0.09603628135802258
-0.002753516458270759
-0.0032046022239871105
-0.07134512777052322
0.0010113799872346783
0.0010315154622636464
0.0048303229326323955
-0.03918246749330607
0.044664400477640184
-0.07134512777052322
-0.0020716773685671834
-0.07134512777052322
0.08546891250239681
0.03628095392415095
-0.07134512777052322
-0.0012857788477135305
0.01594069644150626
0.018546946146999303
0.007000814433220053
0.011624562215004982
0.024592236389095704
-0.008570422729124809
0.01810101272574443
0.024592236389095704
0.01839431790175685
-0.07134512777052322
0.0020469945843719106
-0.8299523939230906
-0.00043016093044243384
-0.005390242015668661
-0.07134512777052322
0.03350609109030848
-0.07134512777052322
0.009909216607244739
0.005758807274762026
-0.051859492339044924
-0.59428277574137
0.0004159223426906175
0.024822216197451792
-0.004445971979006604
0.0054494176213553775
-0.07134512777052322
-0.004613348478289072
-0.07134512777052322
-0.0034270809226069217
-0.005274604748623357
-0.00676874314483128
0.021326373719008345
0.0024623276608628426
0.018383719409686448
0.01558617397691807
-0.5416371883393607
-0.015299010448620682
0.04446345457583869
-0.03404512027158971
-0.006800837403904284
0.8299523939230906
0.8299523939230906
-0.11203444370328407
0.03229701644284132
-0.002869062430552732
-0.07134512777052322
0.024555253710422487
-0.07134512777052322
-0.004784343570009048
0.8299523939230906
-0.0017054276766528625
-0.0184144691458813
0.0016665610060454443
-0.05680468068299627
-0.07134512777052322
0.004600251829512967
0.9813771847277534
-0.015198752199434774
0.01520082708041958
0.026278782648786813
-0.016650758892317583
-0.003359058024400986
-0.0872076627676657
0.0021561748217924933
-0.07134512777052322
-0.9114007133973604
-0.03693927216301073
0.05498442909264415
-0.010014703556512364
-0.0016015757336012664
-0.0013301730012644764
5.4776857998922644e-06
-0.0929894724448833
0.01781936008134269
0.021225368512667903
0.0004777786946097055
-0.07134512777052322
-0.0006915553423792334
-0.011362214263285892
-0.07134512777052322
-0.020392372784884105
0.02347893824788727
-0.007327906971189083
0.007309390733280659
0.11532022523082558
0.005680194184009632
0.0015159910427399172
0.001536333175914972
0.010148325891933981
0.41553238967426226
0.41553238967426226
0.41553238967426226
0.41553238967426226
0.41553238967426226
0.41553238967426226
0.41553238967426226
0.41553238967426226
0.41553238967426226
0.41553238967426226
0.41553238967426226
0.41553238967426226
0.41553238967426226
0.41553238967426226
0.41553238967426226
0.001661664286921298
0.41553238967426226
0.41553238967426226
0.41553238967426226
0.41553238967426226
0.41553238967426226
0.41553238967426226
0.41553238967426226
0.41553238967426226
0.41553238967426226
0.03135958521390519
0.41553238967426226
0.41553238967426226
0.41553238967426226
0.41553238967426226
0.41553238967426226
0.41553238967426226
0.41553238967426226
0.41553238967426226
0.41553238967426226
0.41553238967426226
0.41553238967426226
0.41553238967426226
0.41553238967426226
0.41553238967426226
0.41553238967426226
0.41553238967426226
0.41553238967426226
0.41553238967426226
0.41553238967426226
0.41553238967426226
0.41553238967426226
0.41553238967426226
0.41553238967426226
0.41553238967426226
0.41553238967426226
0.41553238967426226
0.41553238967426226
0.41553238967426226
0.41553238967426226
0.41553238967426226
0.41553238967426226
0.41553238967426226
0.41553238967426226
0.41553238967426226
0.41553238967426226
0.41553238967426226
0.41553238967426226
0.41553238967426226
0.41553238967426226
0.41553238967426226
0.41553238967426226
0.41553238967426226
0.41553238967426226
0.41553238967426226
0.41553238967426226
0.41553238967426226
0.41553238967426226
0.41553238967426226
0.41553238967426226
0.41553238967426226
0.41553238967426226
0.41553238967426226
0.41553238967426226
0.41553238967426226
0.41553238967426226
0.41553238967426226
0.41553238967426226
0.41553238967426226
0.41553238967426226
0.41553238967426226
0.41553238967426226
0.41553238967426226
0.41553238967426226
0.41553238967426226
0.41553238967426226
0.41553238967426226
0.41553238967426226
0.41553238967426226
0.41553238967426226
0.41553238967426226
0.41553238967426226
0.41553238967426226
0.41553238967426226
0.41553238967426226
0.41553238967426226
0.41553238967426226
0.41553238967426226
0.41553238967426226
0.41553238967426226
0.41553238967426226
0.41553238967426226
0.41553238967426226
0.41553238967426226
0.41553238967426226
0.41553238967426226
0.41553238967426226
0.41553238967426226
0.41553238967426226
0.41553238967426226
0.41553238967426226
0.41553238967426226
0.030690975565360747
0.41553238967426226
0.41553238967426226
0.41553238967426226
0.41553238967426226
0.41553238967426226
0.41553238967426226
0.41553238967426226
0.41553238967426226
0.41553238967426226
0.41553238967426226
0.41553238967426226
0.41553238967426226
0.41553238967426226
0.41553238967426226
0.41553238967426226
0.41553238967426226
0.41553238967426226
0.41553238967426226
0.41553238967426226
0.41553238967426226
0.41553238967426226
0.41553238967426226
0.41553238967426226
0.41553238967426226
0.41553238967426226
0.41553238967426226
0.41553238967426226
0.41553238967426226
0.41553238967426226
0.41553238967426226
0.41553238967426226
0.41553238967426226
0.41553238967426226
0.41553238967426226
0.41553238967426226
0.41553238967426226
0.41553238967426226
0.41553238967426226
0.41553238967426226
0.41553238967426226
0.41553238967426226
0.41553238967426226
0.41553238967426226
0.41553238967426226
0.41553238967426226
0.41553238967426226
0.41553238967426226
0.41553238967426226
0.41553238967426226
0.41553238967426226
0.41553238967426226
0.41553238967426226
0.41553238967426226
0.41553238967426226
0.41553238967426226
0.41553238967426226
0.41553238967426226
0.41553238967426226
0.41553238967426226
0.41553238967426226
0.41553238967426226
0.41553238967426226
0.41553238967426226
0.41553238967426226
0.41553238967426226
0.41553238967426226
0.41553238967426226
0.41553238967426226
0.41553238967426226
0.41553238967426226
0.41553238967426226
0.41553238967426226
0.41553238967426226
0.41553238967426226
0.41553238967426226
0.41553238967426226
0.41553238967426226
0.41553238967426226
0.41553238967426226
0.41553238967426226
0.41553238967426226
0.41553238967426226
0.41553238967426226
-0.06579248414250757
-0.06579248414250757
-0.9114007133973604
-0.06579248414250757
-0.06579248414250757
-0.9114007133973604
-0.5839611761342384
0.0012825835309969262
-0.9114007133973604
-0.9114007133973604
-0.8299523939230906
-0.5851665433132257
-0.9114007133973604
-0.9114007133973604
-0.9114007133973604
-0.9114007133973604
-0.9114007133973604
-0.9114007133973604
-0.9114007133973604
-0.9114007133973604
-0.9114007133973604
-0.5254183178396421
-0.9114007133973604
-0.9114007133973604
-0.9114007133973604
-0.9114007133973604
-0.9114007133973604
-0.9114007133973604
-0.9114007133973604
-0.9114007133973604
-0.9114007133973604
-0.9114007133973604
-0.9114007133973604
-0.9114007133973604
-0.9114007133973604
-0.9114007133973604
-0.9114007133973604
-0.9114007133973604
0.06555121698159413
-0.9114007133973604
-0.9114007133973604
-0.9114007133973604
-0.9114007133973604
-0.9114007133973604
-0.9114007133973604
-0.9114007133973604
-0.9114007133973604
-0.9114007133973604
-0.9114007133973604
-0.058080483502934835
-0.9114007133973604
-0.9114007133973604
-0.9114007133973604
-0.9114007133973604
-0.9114007133973604
-0.9114007133973604
-0.9114007133973604
-0.9114007133973604
-0.9114007133973604
-0.9114007133973604
-0.9114007133973604
-0.9114007133973604
-0.9114007133973604
-0.9114007133973604
-0.9114007133973604
-0.9114007133973604
-0.9114007133973604
-0.9114007133973604
-0.9114007133973604
-0.8476789452379141
-0.9114007133973604
-0.9114007133973604
-0.9114007133973604
-0.9114007133973604
-0.9114007133973604
-0.9114007133973604
0.0003371208527448019
-0.9114007133973604
-0.9114007133973604
-0.9114007133973604
-0.9114007133973604
-0.9114007133973604
-0.9114007133973604
-0.9114007133973604
-0.9114007133973604
-0.9114007133973604
-0.9114007133973604
-0.9114007133973604
-0.9114007133973604
0.03441090519016343
-0.9114007133973604
-0.027100103537813107
-0.9114007133973604
-0.9114007133973604
-0.9114007133973604
-1.3471125267993966
-0.9114007133973604
-0.9114007133973604
-0.9114007133973604
-0.9114007133973604
-0.9114007133973604
-0.9114007133973604
0.3974520929095053
-0.9114007133973604
-0.009785910580079585
-0.9114007133973604
-0.9114007133973604
-0.9114007133973604
-0.9114007133973604
-0.9114007133973604
-0.9114007133973604
-0.9114007133973604
-0.9114007133973604
-0.03590996520406732
-0.9114007133973604
-0.9114007133973604
-0.9114007133973604
-0.9114007133973604
-0.9114007133973604
-0.9114007133973604
-0.9114007133973604
-0.9114007133973604
-0.9114007133973604
-0.9114007133973604
-0.9114007133973604
-0.0759048730957847
-0.9114007133973604
-0.9114007133973604
-0.9114007133973604
-0.9114007133973604
-0.9114007133973604
-0.9114007133973604
-0.9114007133973604
-0.9114007133973604
-0.9114007133973604
-0.9114007133973604
-0.9114007133973604
-0.9114007133973604
-0.9114007133973604
-0.9114007133973604
-0.9114007133973604
-0.42548832547347065
-0.9114007133973604
-0.9114007133973604
-0.9114007133973604
-0.006543859244173879
-0.9114007133973604
-0.9114007133973604
-0.9114007133973604
-0.9114007133973604
0.9813771847277534
-0.9114007133973604
-0.9114007133973604
-0.9114007133973604
-0.9114007133973604
-0.9114007133973604
-0.9114007133973604
-0.9114007133973604
-0.9114007133973604
-0.9114007133973604
-0.9114007133973604
-0.010721735980541255
-0.9114007133973604
-0.9114007133973604
-0.9114007133973604
-0.9114007133973604
-0.9114007133973604
-0.9114007133973604
-0.9114007133973604
-0.9114007133973604
-0.9114007133973604
-0.9114007133973604
-0.9114007133973604
-0.9114007133973604
-0.9114007133973604
-0.9114007133973604
-0.9114007133973604
-0.9114007133973604
-0.8347921612311989
-0.9114007133973604
-0.9114007133973604
-0.9114007133973604
-0.9114007133973604
-0.03820629159676442
-0.9114007133973604
-0.7459562884314118
-0.8241666871101287
-0.9114007133973604
-0.9114007133973604
-0.9114007133973604
-0.9114007133973604
-0.9114007133973604
-0.9114007133973604
-0.9114007133973604
-0.9114007133973604
-0.9114007133973604
-0.9114007133973604
0.0015159910427399172
-0.9114007133973604
-0.9114007133973604
-0.047960707973351814
0.5502167048585305
0.5502167048585305
0.5502167048585305
0.5502167048585305
0.5502167048585305
0.5502167048585305
0.5502167048585305
0.5502167048585305
0.5502167048585305
0.5502167048585305
0.5502167048585305
0.03596034331437845
0.5502167048585305
0.5502167048585305
0.5502167048585305
0.5502167048585305
0.5502167048585305
0.5502167048585305
0.5502167048585305
0.5502167048585305
0.5502167048585305
0.5502167048585305
0.5502167048585305
0.5502167048585305
0.5502167048585305
0.5502167048585305
0.5502167048585305
0.5502167048585305
0.5502167048585305
0.5502167048585305
0.5502167048585305
0.5502167048585305
0.5502167048585305
-0.014401819519439172
0.5502167048585305
0.5502167048585305
0.5502167048585305
0.5502167048585305
0.5502167048585305
0.5502167048585305
0.5502167048585305
0.5502167048585305
0.5502167048585305
0.5502167048585305
0.5502167048585305
0.5502167048585305
0.5502167048585305
0.5502167048585305
0.5502167048585305
0.5502167048585305
0.5502167048585305
0.5502167048585305
0.5502167048585305
0.5502167048585305
0.5502167048585305
0.5502167048585305
0.5502167048585305
0.5502167048585305
0.5502167048585305
0.5502167048585305
0.5502167048585305
0.5502167048585305
0.5502167048585305
0.5502167048585305
0.5502167048585305
0.5502167048585305
0.5502167048585305
0.5502167048585305
0.5502167048585305
0.5502167048585305
0.5502167048585305
0.5502167048585305
0.5502167048585305
0.5502167048585305
0.5502167048585305
0.5502167048585305
0.5502167048585305
0.5502167048585305
0.010565957936556082
0.5502167048585305
0.5502167048585305
0.5502167048585305
0.5502167048585305
0.5502167048585305
0.5502167048585305
0.5502167048585305
0.5502167048585305
0.5502167048585305
0.5502167048585305
0.5502167048585305
0.5502167048585305
0.5502167048585305
0.5502167048585305
0.5502167048585305
0.5502167048585305
0.5502167048585305
0.5502167048585305
0.5502167048585305
0.5502167048585305
0.5502167048585305
0.5502167048585305
0.5502167048585305
0.5502167048585305
0.5502167048585305
0.5502167048585305
0.5502167048585305
0.5502167048585305
0.5502167048585305
0.5502167048585305
0.5502167048585305
0.5502167048585305
0.5502167048585305
0.5502167048585305
0.5502167048585305
0.5502167048585305
0.023766682742860402
0.5502167048585305
0.5502167048585305
0.5502167048585305
0.5502167048585305
0.5502167048585305
0.5502167048585305
0.5502167048585305
0.5502167048585305
0.5502167048585305
0.5502167048585305
0.5502167048585305
0.5502167048585305
0.5502167048585305
0.5502167048585305
0.5502167048585305
0.5502167048585305
0.5502167048585305
0.5502167048585305
0.5502167048585305
0.5502167048585305
0.5502167048585305
0.5502167048585305
0.5502167048585305
0.5502167048585305
0.5502167048585305
0.5502167048585305
0.5502167048585305
0.5502167048585305
0.5502167048585305
0.5502167048585305
0.5502167048585305
0.5502167048585305
0.5502167048585305
0.5502167048585305
0.5502167048585305
0.5502167048585305
0.5502167048585305
0.5502167048585305
0.5502167048585305
0.5502167048585305
0.5502167048585305
0.5502167048585305
0.5502167048585305
0.5502167048585305
0.5502167048585305
0.5502167048585305
0.5502167048585305
0.5502167048585305
0.5502167048585305
0.5502167048585305
0.5502167048585305
0.5502167048585305
0.5502167048585305
0.5502167048585305
0.5502167048585305
0.5502167048585305
0.5502167048585305
0.5502167048585305
0.5502167048585305
0.5502167048585305
0.8299523939230906
0.8299523939230906
0.5502167048585305
0.5502167048585305
0.5502167048585305
0.5502167048585305
0.5502167048585305
0.5502167048585305
0.5502167048585305
0.5502167048585305
0.5502167048585305
0.5502167048585305
0.5502167048585305
0.5502167048585305
0.5502167048585305
0.5502167048585305
0.5502167048585305
0.5502167048585305
0.5502167048585305
0.5502167048585305
0.5502167048585305
0.5502167048585305
0.5502167048585305
0.5502167048585305
0.5502167048585305
-0.5059131974677928
-0.5059131974677928
-0.5059131974677928
-0.5059131974677928
-0.5059131974677928
-0.5059131974677928
-0.5059131974677928
-0.5059131974677928
-0.5059131974677928
-0.5059131974677928
-0.5059131974677928
-0.5059131974677928
-0.5059131974677928
-0.5059131974677928
-0.5059131974677928
-0.5059131974677928
-0.5059131974677928
-0.5059131974677928
-0.5059131974677928
-0.5059131974677928
-0.5059131974677928
-0.5059131974677928
-0.007170456702537934
-0.5059131974677928
-0.5059131974677928
-0.5059131974677928
-0.5059131974677928
-0.5059131974677928
-0.5059131974677928
-0.5059131974677928
-0.5059131974677928
-0.5059131974677928
-0.5059131974677928
-0.5059131974677928
-0.5059131974677928
-0.5059131974677928
-0.5059131974677928
-0.5059131974677928
-0.5059131974677928
-0.5059131974677928
-0.5059131974677928
-0.5059131974677928
-0.5059131974677928
-0.5059131974677928
-0.5059131974677928
-0.5059131974677928
-0.5059131974677928
-0.5059131974677928
-0.5059131974677928
-0.5059131974677928
-0.5059131974677928
-0.5059131974677928
-0.5059131974677928
-0.5059131974677928
-0.5059131974677928
-0.5059131974677928
-0.5059131974677928
-0.5059131974677928
-0.5059131974677928
-0.5059131974677928
-0.5059131974677928
-0.5059131974677928
-0.5059131974677928
-0.5059131974677928
-0.5059131974677928
-0.5059131974677928
-0.5059131974677928
-0.5059131974677928
-0.5059131974677928
-0.5059131974677928
-0.5059131974677928
-0.5059131974677928
-0.5059131974677928
-0.5059131974677928
-0.5059131974677928
-0.5059131974677928
-0.5059131974677928
-0.5059131974677928
-0.5059131974677928
-0.5059131974677928
-0.5059131974677928
-0.5059131974677928
-0.5059131974677928
-0.5059131974677928
-0.5059131974677928
-0.5059131974677928
-0.5059131974677928
-0.5059131974677928
-0.5059131974677928
-0.5059131974677928
-0.5059131974677928
-0.5059131974677928
-0.5059131974677928
-0.5059131974677928
-0.5059131974677928
-0.5059131974677928
-0.5059131974677928
-0.5059131974677928
-0.5059131974677928
-0.5059131974677928
-0.5059131974677928
-0.5059131974677928
-0.5059131974677928
-0.5059131974677928
-0.5059131974677928
-0.5059131974677928
-0.5059131974677928
-0.5059131974677928
-0.5059131974677928
-0.5059131974677928
-0.5059131974677928
-0.5059131974677928
-0.5059131974677928
-0.5059131974677928
-0.5059131974677928
-0.5059131974677928
0.0196023966063513
-0.5059131974677928
-0.5059131974677928
-0.5059131974677928
-0.5059131974677928
-0.5059131974677928
-0.5059131974677928
0.005556614272554483
-0.5059131974677928
-0.5059131974677928
-0.5059131974677928
-0.5059131974677928
-0.5059131974677928
-0.5059131974677928
-0.5059131974677928
-0.5059131974677928
-0.5059131974677928
-0.5059131974677928
-0.5059131974677928
-0.5059131974677928
-0.5059131974677928
-0.5059131974677928
-0.5059131974677928
-0.5059131974677928
-0.5059131974677928
-0.5059131974677928
-0.5059131974677928
-0.5059131974677928
-0.5059131974677928
-0.5059131974677928
-0.5059131974677928
-0.5059131974677928
-0.5059131974677928
-0.5059131974677928
-0.5059131974677928
-0.5059131974677928
-0.5059131974677928
-0.5059131974677928
-0.5059131974677928
-0.5059131974677928
-0.5059131974677928
-0.5059131974677928
-0.5059131974677928
-0.5059131974677928
-0.5059131974677928
-0.5059131974677928
-0.5059131974677928
-0.5059131974677928
-0.5059131974677928
-0.5059131974677928
-0.5059131974677928
-0.5059131974677928
0.018662696287570182
-0.5059131974677928
-0.5059131974677928
-0.5059131974677928
-0.013315507222383888
-0.5059131974677928
-0.5059131974677928
-0.5059131974677928
-0.5059131974677928
-0.5059131974677928
-0.5059131974677928
-0.5059131974677928
-0.5059131974677928
-0.5059131974677928
-0.5059131974677928
-0.5059131974677928
-0.5059131974677928
-0.5059131974677928
-0.5059131974677928
-0.5059131974677928
-0.5059131974677928
-0.5059131974677928
-0.5059131974677928
-0.5059131974677928
-0.01246845780914598
-0.5059131974677928
-0.5059131974677928
-0.5059131974677928
-0.5059131974677928
-0.5059131974677928
-0.5059131974677928
-0.5059131974677928
-0.5059131974677928
0.027220363639692564
0.027220363639692564
0.027220363639692564
0.027220363639692564
0.027220363639692564
0.027220363639692564
0.027220363639692564
0.027220363639692564
0.027220363639692564
0.027220363639692564
0.027220363639692564
0.027220363639692564
0.027220363639692564
0.027220363639692564
0.027220363639692564
0.027220363639692564
0.027220363639692564
0.027220363639692564
0.027220363639692564
0.027220363639692564
0.027220363639692564
0.027220363639692564
0.027220363639692564
0.027220363639692564
0.027220363639692564
0.027220363639692564
0.027220363639692564
0.027220363639692564
0.027220363639692564
0.027220363639692564
0.027220363639692564
0.027220363639692564
0.027220363639692564
0.027220363639692564
0.027220363639692564
0.027220363639692564
0.027220363639692564
0.027220363639692564
0.027220363639692564
0.027220363639692564
0.027220363639692564
0.027220363639692564
0.027220363639692564
0.027220363639692564
0.027220363639692564
0.027220363639692564
0.027220363639692564
0.027220363639692564
0.027220363639692564
0.027220363639692564
0.027220363639692564
0.027220363639692564
0.027220363639692564
0.027220363639692564
0.027220363639692564
0.027220363639692564
0.027220363639692564
0.027220363639692564
0.027220363639692564
0.027220363639692564
0.027220363639692564
0.027220363639692564
0.027220363639692564
0.027220363639692564
0.027220363639692564
0.027220363639692564
0.027220363639692564
0.027220363639692564
0.027220363639692564
0.027220363639692564
0.027220363639692564
0.027220363639692564
0.027220363639692564
0.027220363639692564
0.027220363639692564
0.027220363639692564
0.027220363639692564
0.027220363639692564
0.027220363639692564
0.027220363639692564
0.027220363639692564
0.027220363639692564
0.027220363639692564
0.027220363639692564
0.027220363639692564
0.027220363639692564
0.027220363639692564
0.027220363639692564
0.027220363639692564
0.027220363639692564
0.027220363639692564
0.027220363639692564
0.027220363639692564
0.027220363639692564
0.027220363639692564
0.027220363639692564
0.027220363639692564
0.027220363639692564
0.027220363639692564
0.027220363639692564
0.027220363639692564
0.027220363639692564
0.027220363639692564
0.027220363639692564
0.027220363639692564
0.027220363639692564
0.027220363639692564
0.027220363639692564
0.027220363639692564
0.027220363639692564
0.027220363639692564
0.027220363639692564
0.027220363639692564
0.027220363639692564
0.027220363639692564
0.027220363639692564
0.027220363639692564
0.027220363639692564
0.027220363639692564
0.027220363639692564
0.027220363639692564
0.027220363639692564
0.027220363639692564
0.027220363639692564
0.027220363639692564
0.027220363639692564
0.027220363639692564
0.027220363639692564
0.027220363639692564
0.027220363639692564
0.027220363639692564
0.027220363639692564
0.027220363639692564
0.027220363639692564
0.027220363639692564
0.027220363639692564
0.027220363639692564
0.027220363639692564
0.027220363639692564
0.027220363639692564
0.027220363639692564
0.027220363639692564
0.027220363639692564
0.027220363639692564
0.027220363639692564
0.027220363639692564
0.027220363639692564
0.027220363639692564
0.027220363639692564
0.027220363639692564
0.027220363639692564
0.027220363639692564
0.027220363639692564
0.027220363639692564
0.027220363639692564
0.027220363639692564
0.027220363639692564
0.027220363639692564
0.027220363639692564
0.027220363639692564
0.027220363639692564
0.027220363639692564
0.027220363639692564
0.027220363639692564
0.027220363639692564
0.027220363639692564
0.027220363639692564
0.027220363639692564
0.027220363639692564
0.027220363639692564
0.027220363639692564
0.027220363639692564
0.027220363639692564
0.027220363639692564
0.027220363639692564
0.027220363639692564
0.027220363639692564
0.027220363639692564
0.027220363639692564
0.027220363639692564
0.027220363639692564
0.027220363639692564
0.027220363639692564
0.027220363639692564
0.027220363639692564
0.027220363639692564
0.027220363639692564
0.027220363639692564
0.027220363639692564
0.027220363639692564
0.027220363639692564
0.027220363639692564
0.027220363639692564
-0.007170456702537934
0.027220363639692564
0.027220363639692564
0.027220363639692564
0.027220363639692564
0.027220363639692564
0.027220363639692564
0.027220363639692564
0.6747697652399598
0.6747697652399598
0.6747697652399598
0.6747697652399598
0.6747697652399598
0.6747697652399598
0.6747697652399598
0.6747697652399598
0.004431688498307188
0.6747697652399598
0.6747697652399598
0.6747697652399598
0.6747697652399598
0.6747697652399598
0.6747697652399598
0.6747697652399598
0.6747697652399598
0.6747697652399598
0.6747697652399598
0.010164675954094267
-0.012724830103628824
0.6747697652399598
0.6747697652399598
0.6747697652399598
0.6747697652399598
0.6747697652399598
0.6747697652399598
0.6747697652399598
0.6747697652399598
0.007931455518472505
0.018383719409686448
0.03373847776060695
0.6747697652399598
0.6747697652399598
0.6747697652399598
0.6747697652399598
0.6747697652399598
0.6747697652399598
0.6747697652399598
0.6747697652399598
0.6747697652399598
0.6747697652399598
0.6747697652399598
0.6747697652399598
0.6747697652399598
0.6747697652399598
0.6747697652399598
0.6747697652399598
0.6747697652399598
0.6747697652399598
0.6747697652399598
0.6747697652399598
0.6747697652399598
0.6747697652399598
0.6747697652399598
0.6747697652399598
0.6747697652399598
0.6747697652399598
0.6747697652399598
0.04460848875667675
0.6747697652399598
0.6747697652399598
0.6747697652399598
0.6747697652399598
0.6747697652399598
0.6747697652399598
0.6747697652399598
0.6747697652399598
0.6747697652399598
0.6747697652399598
0.05121827111949995
-0.7856395757067489
0.01562169593937798
0.01558617397691807
0.5115278496752735
0.01238333834985622
0.6747697652399598
0.6747697652399598
0.6747697652399598
0.6747697652399598
0.6747697652399598
0.03373847776060695
0.6747697652399598
0.6747697652399598
0.6747697652399598
0.6747697652399598
0.6747697652399598
0.6747697652399598
0.6747697652399598
0.6747697652399598
0.6747697652399598
0.6747697652399598
-0.04846871496165062
0.6747697652399598
0.03373847776060695
0.6747697652399598
0.6747697652399598
0.6747697652399598
0.6747697652399598
0.6747697652399598
0.6747697652399598
0.6747697652399598
0.6747697652399598
0.6747697652399598
0.6747697652399598
0.6747697652399598
0.6747697652399598
0.6747697652399598
0.6747697652399598
0.5115278496752735
0.5115278496752735
0.5115278496752735
0.5115278496752735
0.5115278496752735
0.5115278496752735
0.6747697652399598
0.6747697652399598
0.6747697652399598
0.6747697652399598
0.6747697652399598
0.6747697652399598
0.6747697652399598
0.6747697652399598
0.6747697652399598
0.6747697652399598
0.6747697652399598
0.6747697652399598
0.6747697652399598
0.6747697652399598
0.6747697652399598
0.6747697652399598
0.6747697652399598
0.6747697652399598
0.6747697652399598
0.6747697652399598
0.6747697652399598
0.6747697652399598
0.6747697652399598
0.6747697652399598
0.6747697652399598
0.6747697652399598
0.6747697652399598
0.6747697652399598
0.6747697652399598
0.6747697652399598
0.6747697652399598
0.6747697652399598
0.013908176226884365
0.0024623276608628426
0.0234257382994368
0.6747697652399598
0.6747697652399598
0.6747697652399598
0.6747697652399598
0.6747697652399598
0.6747697652399598
0.6747697652399598
0.6747697652399598
0.6747697652399598
0.6747697652399598
0.6747697652399598
0.6747697652399598
0.6747697652399598
0.6747697652399598
0.6747697652399598
0.6747697652399598
0.6747697652399598
0.6747697652399598
0.6747697652399598
0.0045198685146722725
0.6747697652399598
0.6747697652399598
-0.03933916250527874
0.6747697652399598
0.6747697652399598
0.6747697652399598
0.6747697652399598
0.6747697652399598
0.01562169593937798
-0.49956057856709146
-0.03872964546718163
0.6747697652399598
0.5115278496752735
0.01558617397691807
0.00015884043891097068
0.001990283937295146
-0.05750532649394614
0.6747697652399598
0.6747697652399598
0.6747697652399598
0.6747697652399598
0.6747697652399598
0.6747697652399598
0.6747697652399598
0.6747697652399598
0.6747697652399598
0.6747697652399598
0.6747697652399598
0.6747697652399598
0.6747697652399598
0.6747697652399598
-0.0420492890523952
-0.0420492890523952
-0.0420492890523952
-0.0420492890523952
-0.0420492890523952
-0.0420492890523952
-0.0420492890523952
-0.0420492890523952
-0.0420492890523952
-0.0420492890523952
-0.0420492890523952
-0.0420492890523952
-0.0420492890523952
-0.0420492890523952
-0.0420492890523952
-0.0420492890523952
-0.0420492890523952
-0.0420492890523952
0.009909792426725001
-0.0420492890523952
-0.0420492890523952
-0.08739241017055299
-0.0420492890523952
-0.0420492890523952
-0.0420492890523952
-0.0420492890523952
-0.0420492890523952
-0.0420492890523952
-0.0420492890523952
-0.0420492890523952
-0.0420492890523952
-0.0420492890523952
-0.0420492890523952
-0.0420492890523952
-0.0420492890523952
-0.0420492890523952
-0.0420492890523952
-0.0420492890523952
-0.0420492890523952
-0.12177891476033507
-0.0420492890523952
-0.0420492890523952
-0.0420492890523952
-0.0420492890523952
-0.0420492890523952
-0.0420492890523952
-0.007947424935632972
-0.007947424935632972
-0.007947424935632972
-0.007947424935632972
-0.007947424935632972
-0.0420492890523952
-0.007947424935632972
-0.0420492890523952
-0.0420492890523952
-0.0420492890523952
-0.0420492890523952
-0.0420492890523952
-0.0420492890523952
-0.0420492890523952
-0.0420492890523952
-0.0420492890523952
-0.0420492890523952
-0.0420492890523952
-0.0420492890523952
-0.0420492890523952
0.022770872662535725
-0.0420492890523952
0.5515202519936412
-0.0420492890523952
0.014242564046395982
-0.0420492890523952
-0.0420492890523952
-0.0420492890523952
-0.0420492890523952
-0.0420492890523952
-0.0420492890523952
-0.0420492890523952
-0.0420492890523952
-0.0420492890523952
-0.0420492890523952
-0.0420492890523952
-0.0420492890523952
-0.0420492890523952
-0.007026443363144399
-0.0420492890523952
-0.0420492890523952
0.013190101415662108
-0.0420492890523952
-0.0420492890523952
-0.004555260004128304
-0.0420492890523952
-0.0420492890523952
-0.0420492890523952
-0.0420492890523952
-0.0420492890523952
-0.0420492890523952
-0.0420492890523952
-0.0420492890523952
-0.0420492890523952
-0.028069902910112236
-0.0420492890523952
-0.0420492890523952
-0.0420492890523952
-0.0420492890523952
-0.0420492890523952
-0.0420492890523952
-0.0420492890523952
-0.0420492890523952
-0.0420492890523952
0.001720109534501362
-0.0420492890523952
-0.0420492890523952
-0.0420492890523952
-0.0420492890523952
-0.0420492890523952
-0.0420492890523952
-0.0420492890523952
0.0008252065934104678
-0.42281132118260306
-0.007947424935632972
-0.0420492890523952
0.073344054984335
-0.0420492890523952
-0.0420492890523952
-0.0420492890523952
-0.0420492890523952
-0.0420492890523952
-0.0420492890523952
-0.0420492890523952
-0.0420492890523952
-0.0420492890523952
-0.0420492890523952
-0.0420492890523952
-0.0420492890523952
-0.0420492890523952
-0.0420492890523952
-0.0420492890523952
-0.0420492890523952
-0.0420492890523952
-0.0420492890523952
-0.0420492890523952
-0.0420492890523952
-0.0420492890523952
-0.0420492890523952
-0.0420492890523952
-0.0420492890523952
-0.0420492890523952
-0.4915301040449179
-0.0420492890523952
-0.0420492890523952
-0.0420492890523952
-0.0420492890523952
-0.0420492890523952
-0.0420492890523952
-0.0420492890523952
-0.0420492890523952
-0.0420492890523952
-0.0420492890523952
-0.0420492890523952
-0.0420492890523952
-0.0420492890523952
-0.0420492890523952
-0.0420492890523952
0.005078047123170551
-0.15746943302417446
-0.05947339260565595
-0.0420492890523952
-0.0420492890523952
-0.0420492890523952
-0.0420492890523952
-0.0420492890523952
-0.0420492890523952
-0.0420492890523952
-0.0420492890523952
0.010716522838697447
-0.0420492890523952
-0.0420492890523952
0.7649765829362033
-0.0420492890523952
-0.0420492890523952
-0.0420492890523952
-0.0420492890523952
-0.0420492890523952
-0.0420492890523952
-0.0420492890523952
-0.0420492890523952
-0.0420492890523952
0.8299523939230906
-0.0420492890523952
-0.0420492890523952
-0.0420492890523952
-0.0420492890523952
-0.0420492890523952
-0.0420492890523952
-0.0420492890523952
-0.0420492890523952
-0.0420492890523952
-0.012539750719783974
-0.0420492890523952
-0.0420492890523952
0.005104456208345184
0.005104456208345184
0.005104456208345184
0.005104456208345184
0.005104456208345184
-0.0040955079816247
0.005104456208345184
0.005104456208345184
0.005104456208345184
0.005104456208345184
0.005104456208345184
-0.0040955079816247
0.005104456208345184
0.005104456208345184
0.005104456208345184
0.005104456208345184
0.005104456208345184
0.005104456208345184
0.005104456208345184
0.005104456208345184
0.005104456208345184
0.005104456208345184
0.005104456208345184
0.005104456208345184
-0.0040955079816247
0.005104456208345184
0.005104456208345184
0.005104456208345184
0.005104456208345184
0.005104456208345184
0.005104456208345184
0.005104456208345184
-0.0040955079816247
0.005104456208345184
0.005104456208345184
-0.0040955079816247
0.005104456208345184
0.005104456208345184
-0.0040955079816247
0.005104456208345184
-0.0040955079816247
0.005104456208345184
0.005104456208345184
0.028427467699314167
0.005104456208345184
0.005104456208345184
-0.0040955079816247
0.005104456208345184
-0.0040955079816247
0.005104456208345184
0.005104456208345184
0.005104456208345184
-0.0040955079816247
0.005104456208345184
0.005104456208345184
0.005104456208345184
0.005104456208345184
-0.0040955079816247
-0.0040955079816247
0.005104456208345184
0.005104456208345184
0.3974520929095053
0.005104456208345184
0.005104456208345184
0.005104456208345184
0.005104456208345184
0.005104456208345184
0.005104456208345184
0.005104456208345184
0.005104456208345184
0.005104456208345184
0.005104456208345184
0.005104456208345184
0.005104456208345184
0.005104456208345184
0.005104456208345184
0.005104456208345184
0.005104456208345184
0.005104456208345184
0.005104456208345184
-0.0040955079816247
0.005104456208345184
0.005104456208345184
0.005104456208345184
-0.0040955079816247
0.005104456208345184
0.005104456208345184
-0.0040955079816247
0.005104456208345184
0.005104456208345184
0.005104456208345184
0.005104456208345184
0.005104456208345184
0.005104456208345184
-0.0040955079816247
0.005104456208345184
-0.0040955079816247
0.005104456208345184
0.005104456208345184
0.005104456208345184
0.005104456208345184
-0.0040955079816247
0.005104456208345184
0.005104456208345184
0.005104456208345184
0.005104456208345184
0.005104456208345184
0.005104456208345184
0.005104456208345184
0.005104456208345184
0.005104456208345184
0.005104456208345184
-0.0040955079816247
0.005104456208345184
0.005104456208345184
-0.0040955079816247
0.005104456208345184
-0.0040955079816247
0.005104456208345184
0.005104456208345184
0.005104456208345184
0.005104456208345184
0.005104456208345184
0.005104456208345184
0.005104456208345184
0.005104456208345184
0.005104456208345184
0.005104456208345184
0.005104456208345184
0.005104456208345184
0.005104456208345184
0.005104456208345184
-0.0040955079816247
0.005104456208345184
-0.0040955079816247
0.005104456208345184
0.005104456208345184
0.005104456208345184
0.005104456208345184
0.005104456208345184
-0.0040955079816247
-0.0040955079816247
-0.0040955079816247
0.005104456208345184
0.005104456208345184
0.005104456208345184
0.005104456208345184
0.005104456208345184
0.005104456208345184
0.005104456208345184
-0.0040955079816247
0.005104456208345184
0.005104456208345184
0.005104456208345184
0.005104456208345184
0.005104456208345184
0.005104456208345184
0.005104456208345184
0.005104456208345184
0.005104456208345184
0.005104456208345184
0.005104456208345184
0.005104456208345184
0.005104456208345184
0.005104456208345184
0.005104456208345184
0.005104456208345184
0.005104456208345184
0.005104456208345184
-0.0040955079816247
0.005104456208345184
0.005104456208345184
0.005104456208345184
-0.0040955079816247
-0.0040955079816247
-0.0040955079816247
0.005104456208345184
0.005104456208345184
0.005104456208345184
0.005104456208345184
0.005104456208345184
-0.0040955079816247
0.005104456208345184
0.005104456208345184
0.005104456208345184
0.005104456208345184
0.005104456208345184
0.005104456208345184
0.005104456208345184
0.005104456208345184
0.005104456208345184
0.005104456208345184
-0.0040955079816247
0.005104456208345184
0.005104456208345184
0.005104456208345184
-0.0040955079816247
0.005104456208345184
0.005104456208345184
-0.0040955079816247
0.005104456208345184
0.4716872293163192
0.4716872293163192
0.4716872293163192
0.4716872293163192
0.4716872293163192
0.4716872293163192
0.4716872293163192
0.4716872293163192
0.4716872293163192
0.4716872293163192
0.4716872293163192
0.4716872293163192
0.4716872293163192
0.4716872293163192
0.4716872293163192
0.4716872293163192
0.4716872293163192
0.4716872293163192
0.4716872293163192
0.4716872293163192
0.4716872293163192
0.4716872293163192
0.4716872293163192
0.4716872293163192
0.4716872293163192
0.4716872293163192
0.4716872293163192
0.4716872293163192
0.4716872293163192
0.4716872293163192
0.4716872293163192
0.4716872293163192
0.4716872293163192
0.4716872293163192
0.4716872293163192
0.4716872293163192
0.4716872293163192
0.4716872293163192
0.4716872293163192
0.4716872293163192
0.4716872293163192
0.4716872293163192
0.4716872293163192
0.4716872293163192
0.4716872293163192
0.4716872293163192
0.4716872293163192
0.4716872293163192
0.4716872293163192
0.4716872293163192
0.4716872293163192
0.4716872293163192
0.4716872293163192
0.4716872293163192
0.4716872293163192
0.4716872293163192
0.4716872293163192
0.4716872293163192
0.4716872293163192
0.4716872293163192
0.4716872293163192
0.4716872293163192
0.4716872293163192
0.4716872293163192
0.4716872293163192
0.4716872293163192
0.4716872293163192
0.4716872293163192
0.4716872293163192
0.4716872293163192
0.4716872293163192
0.4716872293163192
0.4716872293163192
0.4716872293163192
0.4716872293163192
0.4716872293163192
0.4716872293163192
0.4716872293163192
0.4716872293163192
0.4716872293163192
0.4716872293163192
0.4716872293163192
0.4716872293163192
0.4716872293163192
0.4716872293163192
0.4716872293163192
0.4716872293163192
0.4716872293163192
0.4716872293163192
0.4716872293163192
0.4716872293163192
0.4716872293163192
0.4716872293163192
0.4716872293163192
0.4716872293163192
0.4716872293163192
0.4716872293163192
0.4716872293163192
0.4716872293163192
0.4716872293163192
0.4716872293163192
0.4716872293163192
0.4716872293163192
0.4894334915148163
0.4716872293163192
0.4716872293163192
0.4716872293163192
0.4716872293163192
0.4716872293163192
0.4716872293163192
0.4716872293163192
0.4716872293163192
0.4716872293163192
0.4716872293163192
0.4716872293163192
0.4716872293163192
0.4716872293163192
0.4716872293163192
0.4716872293163192
0.4716872293163192
0.4716872293163192
0.4716872293163192
0.4716872293163192
0.4716872293163192
0.4716872293163192
0.4716872293163192
0.4716872293163192
0.4716872293163192
0.4716872293163192
0.4716872293163192
0.4716872293163192
0.4716872293163192
0.4716872293163192
0.4716872293163192
0.4716872293163192
0.4716872293163192
0.4716872293163192
0.4716872293163192
0.4716872293163192
0.4716872293163192
0.4716872293163192
0.4716872293163192
0.4716872293163192
0.4716872293163192
0.4716872293163192
0.4716872293163192
0.4716872293163192
0.4716872293163192
0.4716872293163192
0.4716872293163192
0.4716872293163192
0.4716872293163192
0.4716872293163192
0.4716872293163192
0.4716872293163192
0.4716872293163192
0.4716872293163192
0.4716872293163192
0.4716872293163192
0.4716872293163192
0.4716872293163192
0.4716872293163192
0.4716872293163192
0.4716872293163192
0.4716872293163192
0.4716872293163192
0.4716872293163192
0.4716872293163192
0.4716872293163192
0.4716872293163192
0.4716872293163192
0.4716872293163192
0.4716872293163192
0.4716872293163192
0.4716872293163192
0.4716872293163192
0.4716872293163192
0.4716872293163192
0.4716872293163192
0.4716872293163192
0.4716872293163192
0.4716872293163192
0.4716872293163192
0.4716872293163192
0.4716872293163192
0.4716872293163192
0.4716872293163192
0.4716872293163192
0.4716872293163192
0.4716872293163192
0.4716872293163192
0.4716872293163192
0.4716872293163192
0.4716872293163192
0.4716872293163192
0.4716872293163192
0.4716872293163192
0.4716872293163192
0.4716872293163192
0.4716872293163192
