-0.6311425693901273
0.01908002456961611
0.01908002456961611
-0.5001941353344845
0.0642901873142674
-0.5013287105473223
0.5522710456287702
-0.11470689041171642
-0.042508999683389205
-0.04431381415921436
-0.032366400462973295
-0.0345055336145977
0.030982952817542892
0.016479949709933845
0.05500609085012553
-0.007682246846250608
0.0022265049876535356
-0.5423223279116699
-0.5423223279116699
-0.0007457520636548052
-0.01288467893469841
-0.0015294860686651066
0.005100796948240375
-0.32145280956760797
0.06870246322608073
0.41219159143441175
0.0008332805030227222
0.0008332805030227222
0.01200609133049143
-0.0006912814580892388
-0.0006912814580892388
-0.0006912814580892388
-0.357470339936773
-0.8299523939230906
0.012981534379069236
0.003739772126636597
-0.0003330856242055478
0.07554210090440092
0.0019410926589073238
-0.9114007133973604
0.042193202797501474
-0.02993654883928466
-0.7299109897316878
-0.8136208726198585
-0.4835396597877014
0.8261673453851828
0.7898433305815165
0.043383769506584145
0.013562418059576007
0.025937199142019883
-0.581160016655338
0.16869266715891093
0.5488431399450985
0.008348823111429936
-0.5871620280695423
-0.5871620280695423
-0.47514020969625476
-0.49973661527443286
0.004850806157714408
0.8863628426086936
0.006235009059823278
-0.017787705697038463
0.024109237293928224
0.018048808720166665
-0.027217491174457195
-0.027217491174457195
-0.027217491174457195
-0.010721735980541255
-0.010721735980541255
0.06875641013168572
0.013963036080122681
0.011516751399034374
0.011516751399034374
-0.034316622598213775
-0.01549587515645924
-0.010230823159889938
0.0008994028102465749
0.004618577178370789
0.001211730495127712
-0.1281422676583546
-0.025007378576536034
-0.08571333348240719
0.46360303901790284
0.46360303901790284
0.46360303901790284
-0.7230821858650502
-0.042508999683389205
0.08909879229245886
0.0016426251790047023
-0.061866062362096845
-0.10106330300801472
-0.10106330300801472
-0.7979279883944945
-0.9114007133973604
-0.9114007133973604
-0.48306219036230974
-0.011226450650687956
0.622425846952084
-0.0037846576120047462
-0.0037846576120047462
-0.0037846576120047462
-0.015231784304712911
-0.0037846576120047462
0.011062717642414809
-0.009093797617178151
-0.020729118071824277
-0.04062550572062014
0.0048534205077552664
0.016479949709933845
0.0043281021400216465
-0.002906327293039878
-0.007028202862219516
0.006802107231066987
0.0002707055723258944
-0.010465284711173209
0.01975260554036547
-0.028083846110330143
0.01539013922147344
0.0009257454992296937
0.0009257454992296937
0.05500609085012553
0.01628233804494076
0.01628233804494076
0.003218563683157684
-0.030601066822527064
0.592746132827065
0.015688092130891826
0.015688092130891826
-0.826114030091675
0.0648221867987721
0.8299523939230906
-0.45097435965134997
-0.007028202862219516
-0.00403810017453704
0.005088359659725437
0.011964925691752842
0.00028657841185967354
0.00028657841185967354
0.00028657841185967354
0.016626925979373687
-0.04180833868373123
-0.02605643840245482
-0.6387380988107974
-0.47332806503160785
-0.10255633823084827
-0.10255633823084827
0.022441497755483406
0.014874282311030539
0.04786650837664154
0.04786650837664154
0.0007806781202958767
0.01883761207439905
0.01883761207439905
0.01883761207439905
0.024779058672967792
0.009909792426725001
-9.146075381032541e-05
0.8998766884789322
0.8998766884789322
0.8998766884789322
0.0013617609893771892
0.006497523002021152
0.41553238967426226
-0.5069886348697061
0.0013617609893771892
-0.46522057412113665
-0.27017854402282526
0.001498520544847836
0.010565957936556082
0.0011423298759478634
0.007718009494904752
0.006802107231066987
0.004850806157714408
0.023015409835881222
0.001498520544847836
0.001498520544847836
-0.8863628426086936
-0.0029197974203932506
-0.0040883703910369615
0.042193202797501474
-0.0037103021770331763
-0.5125954205115334
-0.03397974492152039
-0.06153300246641549
0.003218563683157684
0.005502252390752521
0.005502252390752521
0.0022265049876535356
0.01888930150949258
-0.006557719449152393
0.009261604754266552
0.009261604754266552
0.009261604754266552
-0.010465284711173209
0.8692476628576099
-0.05589704474500196
0.007268216795018135
0.007268216795018135
0.007268216795018135
0.007268216795018135
-0.4319059518502019
0.4428288907386339
0.48710384409068747
0.8299523939230906
0.48710384409068747
0.005385254001781183
0.05121827111949995
-0.009591751517045218
-0.009591751517045218
0.0045150082490855205
-0.015882052005351654
0.8299523939230906
-0.05391287755685004
-0.004867264113685904
0.8299523939230906
0.0013177486139274478
0.9114007133973604
0.9967812203352634
0.4514191066319292
0.4514191066319292
0.622425846952084
0.050192200974892826
0.050192200974892826
-0.004177216794806428
-0.004177216794806428
-0.004177216794806428
0.007335218851779545
0.007335218851779545
-0.051859492339044924
-0.006734897686207095
-0.006734897686207095
-0.006734897686207095
-0.006734897686207095
-0.006734897686207095
-0.03616036184131392
-0.10541557336174742
-0.10541557336174742
-0.10541557336174742
0.008169586592438306
0.008169586592438306
0.008169586592438306
0.023015409835881222
0.042193202797501474
-0.03599453735300808
-0.9114007133973604
-0.9114007133973604
-0.9114007133973604
0.013947930946553281
-0.028232278614240366
-0.007096981017103921
-0.1281422676583546
0.011853131104291401
-0.9114007133973604
-0.034403933590054475
-0.015166384056071774
0.02278592799896149
0.5488431399450985
0.026587358948847423
0.026587358948847423
0.8244226286104793
-0.000838202120718686
-0.016361515503321024
-0.016361515503321024
0.04858748802124252
0.04858748802124252
0.04858748802124252
0.04858748802124252
0.006449388668266263
-0.015725356993378972
-0.015725356993378972
-0.015725356993378972
-0.46522057412113665
0.014460509545040183
0.012873972548816804
0.04955745338402044
0.0040957071701992415
-0.0006912814580892388
-0.5172525526458346
-0.5172525526458346
-0.6983535073223961
-0.49973661527443286
0.008461108200756186
0.026278782648786813
0.026278782648786813
0.026278782648786813
-0.44871587227106047
0.014919556214119044
-0.7644921191859719
-0.7644921191859719
-0.7644921191859719
-0.6320871105560312
-0.0314620013393153
0.013387713080655197
0.013387713080655197
-0.024798147578028017
0.05065091566301411
0.003085348024409089
-0.0003330856242055478
0.01711768512942435
-0.05931553566033178
-0.05931553566033178
0.004291833220407208
-0.04474057568016961
-0.04474057568016961
-0.04474057568016961
-0.04474057568016961
-0.04474057568016961
-0.7992575362156293
-0.035090470210307666
-0.283559558581772
-0.283559558581772
-0.004361748410071289
-0.0413371069031698
-0.8299523939230906
-0.9744715126397484
-0.4501887931045416
0.0024140825282040934
0.6112986412112728
0.6112986412112728
0.006235009059823278
0.0003592199951377921
-0.002790565533135486
0.9114007133973604
0.5242326486891913
0.011227844970709744
-0.6851781683159966
-0.8299523939230906
0.0576033034081476
0.0576033034081476
0.0576033034081476
-0.014571059203910736
-0.01779799710672311
-0.8027958343008947
-0.0032746020687953715
0.0017570922131745748
-0.0017157937820529618
-0.0017157937820529618
-0.011821924894279894
-0.4617684131773679
-0.9435556964347903
-0.019759469246663212
-0.019759469246663212
0.07466675011453024
0.030934317607259
-0.017707162966970197
0.5168925871745337
-0.0025959911815601833
-0.2619144991239557
-0.009467662825930848
-0.009467662825930848
-0.009467662825930848
0.6376904392906431
0.6376904392906431
0.6376904392906431
0.015442592212769377
0.5233753414516217
0.5233753414516217
0.5233753414516217
-0.8299523939230906
0.4846502475328963
-7.0382286520629904e-06
0.025727943244940064
0.16899300481105345
0.5649069036343947
0.006657562722141342
0.0027318298022175483
0.1541515428429105
0.006124019526183943
-0.010465284711173209
0.034154034924244236
0.03771442863203583
0.03771442863203583
0.03771442863203583
-0.01018525877346356
-0.01018525877346356
-0.4309407533258151
-0.4309407533258151
-0.4309407533258151
-0.4309407533258151
-0.4309407533258151
-0.32145280956760797
0.06152669482822169
0.06152669482822169
0.06152669482822169
-0.5403013039988346
-0.5403013039988346
0.06226111970160424
-0.01786057551722491
0.8299523939230906
-0.8299523939230906
-0.00497264316914232
0.23788072861866547
0.011503638151210388
-0.8299523939230906
-0.0046138464497254275
0.009261604754266552
-0.016487419281479156
-0.00022805714064032614
0.014554319064125309
0.014554319064125309
-0.48041647155632394
-0.050625021148323714
-0.050625021148323714
0.026587358948847423
-0.35215416415520173
-0.014062298386435886
-0.014062298386435886
0.8299523939230906
0.03459117085012353
0.00807490562333956
0.00807490562333956
0.376822931617784
-0.06722357105534917
0.08478378680121332
-0.05070235739197438
-0.05070235739197438
-0.0019425865732163857
-0.10541557336174742
-0.10541557336174742
-0.10541557336174742
-0.10541557336174742
-0.10541557336174742
0.018807551198691153
0.007597425711591667
-0.8151508569393873
-0.03306297950719295
0.02038280084235718
-0.03306297950719295
-0.03306297950719295
0.6996269095738118
0.6996269095738118
0.6996269095738118
0.6996269095738118
0.004093814878741097
-0.02007472251373293
-0.03759559851612511
0.5544512522601235
0.4512404515580815
0.0006842144134549837
0.0006842144134549837
-0.01673996549542601
0.00024154353506061882
0.5200537942976506
-0.024711367755719423
-0.015283241353136141
-0.0021754712149512053
-0.0021754712149512053
-0.0021754712149512053
0.00531328219008496
0.018024574110264112
0.0013617609893771892
0.0196023966063513
0.00015884043891097068
0.0196023966063513
0.007331558761722343
0.016496631753051702
0.016496631753051702
0.016496631753051702
0.032878730075742026
0.01806839559666325
-0.010663394347602653
-0.010663394347602653
0.5730786748002675
0.5730786748002675
-0.3653770354823383
0.8299523939230906
-0.28812898032103307
1.1208528661400003
0.5073312207770059
0.5073312207770059
0.5073312207770059
0.5073312207770059
-0.017448587148881485
-0.0007251368761421495
-0.0007251368761421495
-0.0007251368761421495
-0.004307245436362359
-0.8299523939230906
-0.023875489501703723
0.020614191569782937
-1.048224269601088
-0.09803475692544573
-0.09803475692544573
0.792740897374873
-0.06705179580837892
0.015603105005754103
-1.1156184462563776
-0.029231753266365172
-0.029231753266365172
-0.029231753266365172
-0.011435997031105658
-0.014500762236145453
0.546447023866342
0.010716522838697447
-0.8299523939230906
-0.05375717018822613
0.0007806781202958767
0.005956775819284502
0.05111643596076557
0.9939861470413847
0.0005394659146023556
0.021223808202167325
0.0606601009566524
0.5240497521455882
0.2511844238978855
-0.43311761610276894
-0.43311761610276894
0.012534688010181044
-0.43311761610276894
-0.43311761610276894
0.0016161923524299132
0.0034590257902490213
0.012211421552748
0.012211421552748
0.012211421552748
0.01936216688593026
0.01936216688593026
0.01936216688593026
0.01936216688593026
0.01936216688593026
0.008757873448298873
-0.0020989911018511925
-0.0020989911018511925
0.6235483809112269
0.05868510382190781
0.0033413634393625454
0.016496631753051702
0.6136951066008491
-0.412502015311969
-0.0032695559582403186
0.7060223718088687
0.43046727377349137
0.43046727377349137
-0.016000096134339333
-0.7722973440172807
-0.7722973440172807
0.4384475898913814
-1.213887100878984
0.8299523939230906
0.5649069036343947
0.5649069036343947
0.5649069036343947
0.5649069036343947
-1.1258366917871796
-0.0045807313492078955
0.046848322779776685
-0.010506782330869364
0.7307540709646766
-0.4788908295822355
-0.07598504649703766
-0.49512771559215724
-0.009499709796559149
0.5052930352742709
-0.0019041016807101719
0.0016377782570241913
0.0016377782570241913
0.0016377782570241913
0.0069488262152647105
0.04914662694902851
-0.008366501097420499
0.3105803591315294
0.3105803591315294
0.7225211427196101
0.9967812203352634
-0.008735248946040528
-0.0052445604719633405
0.00139661069039802
-0.011853878061445932
-0.011853878061445932
0.5515202519936412
-0.9795880819508754
0.2357312149509677
0.2357312149509677
0.2357312149509677
0.013562418059576007
-0.04381318687519995
-0.06851207214691477
-0.008513946295070901
-0.008513946295070901
-0.008513946295070901
-0.008513946295070901
-0.008513946295070901
0.011386282882709665
-0.028376736310145603
0.47285481391047846
0.011386282882709665
0.007791551576530278
0.00012283627411019312
0.5807355969803636
0.0023322741207350943
0.0023322741207350943
0.0023322741207350943
-0.7673341457063811
-0.7673341457063811
-0.0005646365324433326
-0.0022995348436551256
-0.5115278496752735
-0.5115278496752735
0.556929775980394
0.02836802181000941
0.02836802181000941
-0.0021213209710096927
-0.0021213209710096927
0.020768562715052633
0.12977799593296582
-0.03599453735300808
-0.019630034021068936
0.04880327564366253
-0.0031190442575928456
-0.011290008405014585
0.020579167578759387
0.2698818200127396
0.2698818200127396
-0.01834402278668511
0.0011554597228197263
0.00608845606610434
-0.004555260004128304
0.005078047123170551
0.005078047123170551
0.01628233804494076
1.1285971060869147
-0.004158667358802248
-1.088912537983506
-1.088912537983506
-0.5108327241140788
0.020536885110512302
0.020536885110512302
0.020536885110512302
0.8299523939230906
0.8299523939230906
0.020536885110512302
0.0070677334947420725
0.8208308851329182
0.0016377782570241913
-0.05192092541524312
-0.5059131974677928
-0.5059131974677928
0.9795880819508754
0.9795880819508754
0.9795880819508754
-0.01290672247028101
-0.0019849556429261594
1.213887100878984
-0.04431381415921436
-0.08727308791487866
0.5473710080645102
0.045831880082939085
-0.5811195431608321
-0.8261529382599022
0.06870246322608073
0.1806997793016324
0.1806997793016324
0.0009543622577721617
0.004850806157714408
0.004850806157714408
-0.051859492339044924
-0.02622995654945232
0.3923377587112824
0.3974520929095053
-0.03989954636165561
0.012184066321844295
0.028592855913523178
-0.8312661657132924
-0.8312661657132924
-0.10541557336174742
-0.5059131974677928
-0.003979480636954252
-0.003979480636954252
-0.003979480636954252
-0.001007055935262339
-0.001007055935262339
-0.7898399997367342
-0.7898399997367342
0.00928559037845093
0.0027318298022175483
0.005956775819284502
-0.040067777711903826
0.42084758642538594
0.038555106478739595
0.5873529517406594
1.2101369649039173
1.2101369649039173
1.2101369649039173
-0.06769664391988532
-0.06769664391988532
-0.06769664391988532
-0.029992404635395684
0.8258493416742051
7.937888782626797e-05
0.08807786785269406
-0.015833665780785936
0.04910761918651413
0.04910761918651413
-0.27811022172471944
0.8299523939230906
-0.022556022886320852
-0.03070417180842413
0.046848322779776685
0.046848322779776685
0.046848322779776685
0.046848322779776685
0.01716333251109012
-0.02605643840245482
0.012284291372934448
0.1816007503001102
0.03862216663216859
0.47503267629664736
0.47503267629664736
-0.08061045418361044
-0.004555260004128304
0.004618577178370789
0.02241742913605964
0.8638204608151376
0.013037249083273292
-0.49973661527443286
0.009657658036646649
0.009657658036646649
0.009657658036646649
0.006256098150152864
-0.035090470210307666
-0.02633779226399475
-0.82291723605981
-0.011290008405014585
-0.011290008405014585
0.027220363639692564
0.04880327564366253
0.04529241102688907
0.008210735632129013
0.0013617609893771892
0.8299523939230906
0.9795880819508754
-0.5475175561125372
-0.009085737841994249
-0.0015222986809337328
-0.0015222986809337328
-0.0015222986809337328
0.45766542391446136
0.45766542391446136
0.45766542391446136
0.21511363599741165
0.21511363599741165
0.02652004980970026
-0.004867264113685904
-0.0345055336145977
0.0047711058293259745
0.04786650837664154
-0.8299523939230906
0.0017978345761922594
0.0017978345761922594
0.0017978345761922594
0.0017978345761922594
-0.002555680706131312
-0.26402639934757793
-0.019630034021068936
-0.019630034021068936
-0.4991156962099147
-0.4991156962099147
-0.06769664391988532
-0.4991156962099147
0.01539013922147344
-0.0006273610145664641
-0.0007517883074158077
-0.8038366139244703
-0.010663394347602653
0.0016905051326101255
-0.04464272429292608
0.005932234126996196
0.05303005719543405
-0.474366761840831
0.09603628135802258
0.05868510382190781
0.05868510382190781
-0.10448602668055358
-0.59597919177199
-0.5001996159293581
0.005806811721226538
0.00034361689013203713
0.00034361689013203713
-0.002753516458270759
0.8117224895905698
-0.9939861470413847
-0.49327104789009957
-0.004558845504580144
-0.0017157937820529618
-0.38652135984977887
-0.5001996159293581
-0.5001996159293581
0.020579167578759387
-0.017417994273689088
-0.5043715646614298
0.003488929804954464
0.003488929804954464
0.00018068893568099604
0.04635582902922273
0.04635582902922273
-0.8825232776879645
-0.8825232776879645
0.0016377782570241913
0.4300015937661156
0.4300015937661156
-0.004730147678685869
0.7325795508040889
0.04880623857370883
0.009147486300102129
0.009147486300102129
-0.32081999778582315
-0.0007517883074158077
0.03466991673325895
0.03239138203003038
-0.09566446268554503
0.0010113799872346783
0.0030529217843785136
-0.2914392941229493
-0.8299523939230906
-0.05253565455437406
-0.02846014652573487
0.8299523939230906
-0.011821924894279894
0.002019224377271244
0.0014367471881681407
-0.006015486651630621
0.05797780926233022
-0.006175924748899894
0.8299523939230906
0.014167611045700787
0.9114007133973604
0.005944451026234744
0.8299523939230906
0.04762930798245832
-0.027100103537813107
-0.7938245662156184
0.30591367431204153
0.816804288098561
-0.02374493799013962
-0.0047681677978514865
-0.00334907369710209
0.10841834112296116
-0.028050648014573222
0.02116322167741094
0.0007242455072710762
0.019141607037245198
-0.00373453678693573
-0.00373453678693573
0.007331558761722343
-0.0008274832855511692
-0.010793032911533437
0.407008973287427
0.407008973287427
-0.10568281803259066
-1.459941425411144
-0.8284113964147217
0.001575722716530562
-0.02622995654945232
1.299690667310068
1.299690667310068
0.6917259376902072
-0.6713959349756702
-0.593545241308014
0.015427238093481798
-1.3471125267993966
-0.4248800302169734
-0.4248800302169734
0.044664400477640184
-0.0179793417047953
-0.03599453735300808
-0.034963736479755606
-0.005976321198161391
-0.016000096134339333
-0.016000096134339333
-0.005198888191725754
0.000704682699393915
-0.006914134205198725
-0.006914134205198725
0.5097492675057463
0.5097492675057463
-0.4991156962099147
0.5097492675057463
0.08546891250239681
0.08546891250239681
-0.002790565533135486
0.08546891250239681
0.08546891250239681
0.08546891250239681
-0.002790565533135486
-0.0017157937820529618
0.005722023784663356
-0.005198888191725754
-0.06560956263488694
-0.003424376519997363
0.054183151553931094
0.02789038420730667
0.02789038420730667
-0.007316528323868397
0.04024887332425785
0.0419144217883827
0.0009297541692923421
0.0009297541692923421
0.0009297541692923421
0.02409036417649041
0.003702641716437266
-0.02246374047964055
-0.005585073340142107
-0.7128552585135104
0.04955745338402044
0.006177385465113198
0.006177385465113198
0.011624562215004982
-0.41474206329849944
0.0008332805030227222
0.14117573215871163
-0.17288323341614933
-0.008366501097420499
-0.9939861470413847
-0.7307540709646766
0.02478188051110713
-0.027956116436905383
0.3974520929095053
0.3974520929095053
0.5186851798930356
0.5186851798930356
0.043737080240677205
-0.008570422729124809
0.38091417638667346
0.0045855865707123454
-0.12177891476033507
0.01839431790175685
0.556929775980394
0.556929775980394
0.556929775980394
0.8692476628576099
0.8692476628576099
0.8692476628576099
0.8692476628576099
0.8692476628576099
0.8692476628576099
-0.03317054133744537
-0.02993654883928466
0.004611588979213956
0.029619922001003003
0.04880327564366253
0.023766682742860402
0.023766682742860402
0.004728836353903472
0.02278592799896149
0.014964124657672715
0.04271964160096689
0.04271964160096689
0.8299523939230906
-0.8299523939230906
0.05162212595438292
0.05162212595438292
-0.9733744852702744
-0.9733744852702744
-0.9733744852702744
0.033670714199985595
0.04290903673726013
0.5340859659169397
0.5340859659169397
0.8863628426086936
0.0005788345280461749
0.8299523939230906
0.8299523939230906
0.022454362017589213
0.0005788345280461749
0.012133323032479838
0.8299523939230906
-0.028083846110330143
-0.005390242015668661
-0.0003897348548051623
-0.0003897348548051623
0.052136364457657666
-0.003629179773711526
-0.07134512777052322
-0.07134512777052322
0.006802107231066987
0.006802107231066987
-0.49019906485152565
0.03466991673325895
0.03466991673325895
0.016797572491088212
0.016797572491088212
0.016797572491088212
0.007105637420572539
0.007105637420572539
-0.00497264316914232
0.014044454409966538
0.014044454409966538
0.0012896215272973942
0.029297128616434496
0.029297128616434496
0.9026549116322792
-0.011984761553967604
0.042193202797501474
0.05638281588116516
-0.0008772845789485244
-0.0008772845789485244
-0.0008772845789485244
-0.0008772845789485244
-0.2914392941229493
0.004850806157714408
0.01499242603430549
0.01499242603430549
0.01499242603430549
0.01499242603430549
0.01499242603430549
0.01499242603430549
-0.03517396342113632
-0.0021754712149512053
-0.0021754712149512053
-0.0021754712149512053
-0.0021754712149512053
-0.0021754712149512053
-0.42099597278141676
-0.42099597278141676
0.04858748802124252
0.7307540709646766
0.48422210346136735
-0.013976315318425452
-0.8299523939230906
-1.0327429618542586e-05
-0.01639663078910791
0.03350609109030848
-0.028376736310145603
-0.036496658551331544
-0.036496658551331544
-0.036496658551331544
-0.0004918115296861571
-0.004889407243555771
-0.03243279665448714
-0.8279584083981184
0.00026940503692461697
0.816804288098561
0.816804288098561
0.816804288098561
0.004676059681173903
-0.8033601184880154
-0.07502331426200748
-0.07502331426200748
-0.028083846110330143
0.00028657841185967354
0.8299523939230906
-0.792584872456028
-0.792584872456028
-4.756083549869202e-06
-4.756083549869202e-06
-0.012742840070576956
-4.756083549869202e-06
0.30050433009106403
0.06271286278961657
-0.5806240134983753
-0.014500762236145453
0.02626544531381647
0.02626544531381647
-0.02452491669864633
-0.02452491669864633
-0.9795880819508754
-0.0024116507676898986
0.04593944191319152
0.5488431399450985
0.5488431399450985
0.5488431399450985
0.5488431399450985
0.003498896703253087
-0.03105277671244364
0.04614336121637842
0.02485641023608142
0.8299523939230906
-0.030601066822527064
-0.0033206395280862854
-0.008113622902516073
-0.01861292736231619
-0.03847810432558381
-0.03847810432558381
-0.002583923986096515
-0.1281422676583546
-0.1281422676583546
0.11132981412084338
0.002365140235534449
-0.004345348550767368
0.027880258788100812
0.040119010673180695
0.04157804208312567
0.04157804208312567
0.009432408956935924
0.04157804208312567
0.04157804208312567
0.04157804208312567
0.04290903673726013
-0.004259481676092086
0.08512074747314609
-0.004259481676092086
0.0020589707974162205
0.0020589707974162205
0.007105637420572539
0.5692413076986947
-0.010663394347602653
0.030171840342961855
0.04955745338402044
-0.0184144691458813
0.005956775819284502
0.05573694692821421
0.009397218975433585
0.009147486300102129
0.020324150339897006
-0.0435643671475018
-0.0435643671475018
-0.0435643671475018
-0.020438465749417604
0.027869137426022244
0.027869137426022244
0.018490011412776182
0.8299523939230906
0.8299523939230906
0.12720846332137992
-0.051859492339044924
-0.8299523939230906
-0.014500845231384845
-0.014500845231384845
-0.005640090884335267
-0.005640090884335267
-0.0018785308474534015
-0.0018785308474534015
0.03137769477514059
0.03285873652257241
0.5082605813957265
-0.3955595397213828
-0.3955595397213828
-0.3955595397213828
-0.8299523939230906
0.816804288098561
0.04858748802124252
-0.0032695559582403186
0.0005788345280461749
0.03466991673325895
0.05500609085012553
0.1597468644994637
0.010205932887596183
0.1597468644994637
0.1597468644994637
0.1597468644994637
0.8299523939230906
0.009639822359701244
-0.0019425865732163857
-0.02993555289641195
0.47470506800119117
0.5692413076986947
0.008905887158231115
0.008905887158231115
-0.447683127602034
-0.447683127602034
0.08640468382654512
0.08640468382654512
0.005458928875789735
-0.0051509252428809365
-0.004730147678685869
0.0004241645999146678
0.10129319982113143
0.03285873652257241
0.03285873652257241
0.0031558026831292204
-0.4837790960165411
0.005846350653273035
0.0014921050128428107
0.019634349773517336
-0.017712678000627816
0.013037249083273292
0.01200609133049143
-0.0003330856242055478
-0.011907409990853973
-0.009499709796559149
0.004770973036942947
0.004770973036942947
-0.7035157863280591
5.134334494526415e-05
0.0642901873142674
0.0642901873142674
0.0642901873142674
-0.46137701101387185
0.0642901873142674
0.8299523939230906
-0.025430986278394376
-0.025430986278394376
-0.0003137220049029307
0.015442592212769377
0.0715916934998058
0.4127085718009416
0.8299523939230906
0.032209788446240006
-0.03328416182017344
-0.7307540709646766
0.0005788345280461749
0.008893769853279838
0.012981534379069236
0.0392319682555213
0.01380194232046221
-0.001962140251617214
-0.001962140251617214
-0.001962140251617214
-0.001962140251617214
0.007147691108372623
0.007147691108372623
0.039919963190546116
0.010221270407835882
-0.03937468446773865
0.016797572491088212
0.0555266369915941
0.0555266369915941
-0.0005452256058542594
-0.4721292223852076
-0.0012970247026511882
-0.0012970247026511882
-0.06521085350484628
-0.06521085350484628
-0.06521085350484628
0.042193202797501474
-0.036284107743247855
-0.036284107743247855
0.0018281029399986348
0.0018281029399986348
0.0018281029399986348
0.008298918073983341
0.018093626149438508
0.018093626149438508
0.018093626149438508
-0.010926821237433841
-0.8299523939230906
-0.03775436010955867
-0.03775436010955867
0.4725242564343744
0.005542953256150509
0.005542953256150509
0.014460509545040183
0.0045198685146722725
0.0045198685146722725
-0.07671210139316219
0.02176248050391917
-0.551040980602313
0.012981534379069236
0.023682359579637817
0.008210735632129013
0.04858748802124252
0.012534688010181044
0.012924765635324896
0.012924765635324896
0.012924765635324896
0.05798478999191551
0.05798478999191551
-0.47608561231195806
0.0023985956165334887
0.07734002677535651
0.07734002677535651
0.5925996496013307
0.5925996496013307
0.01570120537871581
0.8299523939230906
-0.00570934211208421
-0.4384475898913814
0.0006337632673331869
0.0006337632673331869
0.004850806157714408
0.002365140235534449
0.08581467066970519
0.08581467066970519
0.06238137980348368
-0.8299523939230906
0.0024623276608628426
0.0031049349009056736
0.0031049349009056736
-0.006689341599304657
0.00653136929059773
-0.8299523939230906
-0.4176284912707149
-0.004841427695663078
-0.4814230708637229
0.020768562715052633
0.020768562715052633
-0.005835727262630819
-0.17288323341614933
0.020522813811212
-0.17288323341614933
0.02140604914882496
-0.050625021148323714
-0.49819256947291957
-0.2746102160854032
-0.017787705697038463
-0.028151321239956093
-0.00011212656841900871
-0.004259481676092086
-0.0014437436868489123
-0.0014437436868489123
0.0010731782424861912
0.0010731782424861912
-0.984093946604456
0.039135326197331226
0.039135326197331226
0.039135326197331226
0.0048534205077552664
0.03374943313220673
-0.031446813210506505
-0.47514020969625476
-0.5190811866536986
-0.6117912021525106
-0.9114007133973604
-0.9114007133973604
-0.9114007133973604
0.005846350653273035
-0.4347224948352123
-0.0005646365324433326
-0.0417563241568643
0.5074149086346367
-0.0075381671106655584
0.42963514760035953
0.42963514760035953
0.42963514760035953
0.42963514760035953
0.42963514760035953
0.04956616788415664
0.04956616788415664
-0.06949324186701065
0.004676059681173903
0.49170657919984917
0.8299523939230906
0.8299523939230906
-0.006800837403904284
0.8299523939230906
0.8299523939230906
-0.5141005090773464
-0.8299523939230906
-0.8299523939230906
-0.5141005090773464
0.014044454409966538
0.06226111970160424
0.06226111970160424
-0.021343387743083767
0.9114007133973604
-0.06770046170089739
-0.05695025433289038
0.8299523939230906
-0.15497979943665208
-0.010069148433553717
0.289344934665132
0.044588827184464705
0.01628233804494076
-0.006092922008732772
0.8299523939230906
0.8299523939230906
-0.032617046085938066
0.769870231236492
0.769870231236492
0.769870231236492
0.769870231236492
0.006052983900788067
-0.49617269404000075
-0.49617269404000075
-0.12177891476033507
-0.08194020390915403
0.020115340383891525
0.0025139424002409197
-0.03070417180842413
-0.03070417180842413
-0.03070417180842413
-0.003271838327323607
-0.003271838327323607
-0.24839374187069987
-0.01625718218788095
-0.012481806763449841
0.03786956580135913
-0.00011212656841900871
-0.6320871105560312
0.006530820692065346
0.010096204881595612
0.010096204881595612
-0.005456854077800168
0.005078047123170551
0.005542953256150509
0.005542953256150509
0.0077173787310853715
0.01628233804494076
0.01628233804494076
0.03082974360562469
0.009432408956935924
0.009432408956935924
-0.004555260004128304
0.00018611682433725306
-0.024463676763277018
-0.00497264316914232
-0.8271000384342276
-0.01688338956861986
-0.45804444431801883
0.004357025980949866
-0.21298088186248393
-0.21298088186248393
-0.21298088186248393
0.0010115791758092197
0.02159004959455771
0.02159004959455771
0.0026019588516164632
0.5034257867306904
-0.019721162793921693
-0.039845491562239405
0.03289034940925694
-0.0397885817265881
-0.032075668139382035
-0.0007087959434581978
-0.05110738947967181
-0.8282583614928062
-0.15497979943665208
-0.02622995654945232
0.06322320051663988
-0.40076383436162377
0.025600794538191043
-0.46522057412113665
0.9114007133973604
-0.24055698429433964
0.012026176178424367
-0.05589704474500196
-0.3472412837806321
0.8092136264989798
0.04666946803888626
-0.08404263931344
-0.03403819016910045
-0.03403819016910045
-0.8299523939230906
-0.8299523939230906
-0.02514217114483308
-0.019077617707673727
0.8848425817273978
0.8848425817273978
0.8848425817273978
0.5549873415518765
0.06652417017299019
-0.0068100083778571355
-0.03556777583205283
-0.03556777583205283
-0.7307540709646766
-0.004784343570009048
0.02634434888790674
0.005005434588226219
0.005005434588226219
-0.8027958343008947
-0.01033979590921204
-0.01033979590921204
-0.05887259006769503
-1.1068782442313048
-1.1068782442313048
0.09068972803637003
0.09068972803637003
-0.04342717601678633
-0.04342717601678633
-0.012070661626738645
-0.0003899855004281271
-0.015757617242930764
-0.015757617242930764
-0.02088683093118667
0.0130930799808125
0.000151682099513384
0.000151682099513384
-0.0420492890523952
-0.006783831679352801
0.001587325450997607
0.001587325450997607
-0.019231905857704033
-0.006015486651630621
0.043737080240677205
0.05632275222641693
0.002513054351179422
-0.025599715600078943
0.1136279522996164
-0.003796368240283
0.8299523939230906
0.020768562715052633
0.020768562715052633
0.020768562715052633
0.0648221867987721
-0.534127501876355
0.004530145750798283
0.0016869861344598917
0.0016869861344598917
0.006860975754367952
-0.9939861470413847
-0.012980870417154098
-0.8299523939230906
0.04880327564366253
-0.8299523939230906
0.4365932378951413
0.4365932378951413
0.4365932378951413
0.3699171373859112
0.4428288907386339
0.04786650837664154
0.050529385733971956
0.9114007133973604
0.023422468287004745
0.9114007133973604
-0.05589704474500196
-0.8093158766339111
0.006177385465113198
0.003702641716437266
0.008210735632129013
0.012873972548816804
-0.007028202862219516
0.023015409835881222
0.023015409835881222
0.02657731652488095
0.015442592212769377
0.015442592212769377
0.015341255025471368
0.015341255025471368
-0.025379197249013583
-0.0017054276766528625
-0.45097435965134997
0.009432408956935924
-0.02452491669864633
0.010923252442139972
0.010923252442139972
0.04157804208312567
0.5729149104793685
0.5729149104793685
0.5729149104793685
-0.010663394347602653
0.12977799593296582
0.09711392689068375
0.03051669761734296
0.03051669761734296
9.998436489591472e-05
0.011380473215952204
0.011380473215952204
-0.6910464215812354
-0.1281422676583546
0.010716522838697447
0.010716522838697447
0.001661664286921298
0.010716522838697447
0.010716522838697447
0.03229701644284132
-0.007028202862219516
0.005104456208345184
-0.10541557336174742
-0.7898399997367342
-0.7898399997367342
-0.7898399997367342
0.04363551066670889
0.04363551066670889
0.04363551066670889
0.04363551066670889
0.01602911956955482
0.04363551066670889
0.04363551066670889
-0.015198752199434774
-0.015198752199434774
-0.015198752199434774
-0.47615321654584336
-0.04172527563780763
-0.04172527563780763
-0.3686901216630586
-0.3686901216630586
-0.034429662114266096
-0.028376736310145603
0.04719047895369543
0.4037559239790737
0.0027278709292985356
-0.017417994273689088
0.8299523939230906
-0.011821924894279894
-0.0038052902285176738
-0.8271000384342276
-0.8271000384342276
-0.8271000384342276
0.0523485832847838
0.5133074229016024
0.5133074229016024
-0.016650758892317583
-0.041840971001520504
-0.003692176016749896
-0.003692176016749896
-1.0327429618542586e-05
-0.0413371069031698
0.0645523692755077
0.82112427330417
0.03100029882257589
0.011704320640060991
0.024892828547126766
0.17172710699232502
0.17172710699232502
0.17172710699232502
0.08815953516825609
0.08815953516825609
-0.024846882382599186
0.0021561748217924933
0.00605056873932175
-0.003144938606292767
-0.10568281803259066
0.003422332764961287
0.13319449496255023
0.13319449496255023
-0.012742840070576956
0.03629556108628399
-0.13602809352731063
-0.050625021148323714
0.01539013922147344
-1.055074591456335
-0.013897967812439113
-0.10541557336174742
-0.42601786473536696
-0.42601786473536696
-0.04240749650561241
-0.9124738150915461
-0.4768782466339155
-0.62750436882986
1.1285971060869147
1.1285971060869147
1.1285971060869147
0.5133074229016024
1.1285971060869147
0.017420202777009314
-0.5043715646614298
-0.03599453735300808
0.7451947489727511
0.05174844470873801
0.0016377782570241913
0.03373847776060695
-0.03693927216301073
0.8299523939230906
-0.027639655589102502
-0.8221038578151935
-0.01498025511442957
-0.01498025511442957
-0.009162757424150313
0.0048534205077552664
0.13273013659815025
0.014105704896638059
0.014105704896638059
0.014105704896638059
0.027569026640379656
0.027569026640379656
-0.7542121003870208
-7.0382286520629904e-06
0.042193202797501474
-0.013191097358534815
-0.013191097358534815
0.006052983900788067
-0.4436500598186506
0.022330782106134064
-0.6358356550156357
-0.6358356550156357
-0.6358356550156357
-0.04929950417998915
-0.060738904015909895
-0.060738904015909895
-0.8221038578151935
-0.8221038578151935
0.04406018070763146
0.4127085718009416
0.8299523939230906
0.02409036417649041
-0.027522466311080563
-0.003004361269810074
-0.027522466311080563
0.004850806157714408
0.11132981412084338
-0.0037103021770331763
0.02070374343308724
-0.023443914256863714
-0.023443914256863714
0.0024931354937252678
0.009539389820512612
-0.00835365343436257
-0.00835365343436257
0.8299523939230906
-0.019630034021068936
0.022415727733652094
0.043737080240677205
-0.0029081614878304486
0.4075074616322687
0.4716872293163192
0.4716872293163192
-0.006557719449152393
-0.04840830129939453
-0.7930210870752692
0.05089594333822441
0.012982827739514704
-0.792584872456028
-0.024549825821766232
-0.024549825821766232
0.00812869566794211
0.00812869566794211
-0.014492379716966831
-0.014492379716966831
0.0014367471881681407
0.0014367471881681407
-0.09162425443192743
0.9795880819508754
-0.0033206395280862854
-0.01115397920765059
-0.0033206395280862854
-0.008249486109401283
-0.008249486109401283
-0.008249486109401283
-0.07010927403140006
-0.028083846110330143
-0.4116943948513891
-0.4116943948513891
-0.003210994517325106
0.03636353418734629
0.03636353418734629
0.5766347515530439
-0.03070417180842413
0.0011423298759478634
0.0021406298134543137
0.03318116472808758
-0.0018922914581446465
-0.8628076468824885
-0.8299523939230906
-0.8206282107583223
-0.8206282107583223
-0.8299523939230906
-0.10567617841343926
0.06652417017299019
-0.014062298386435886
-0.004867264113685904
-0.08013132266659864
-0.0929894724448833
-0.0929894724448833
-0.0929894724448833
-0.032101064682636085
-0.010047071699875364
0.004611588979213956
0.8244226286104793
0.01617998756500266
-0.4531976396901712
-0.098330269774826
-0.12312509754327836
0.1433871403123197
-0.010257174148396997
-0.010257174148396997
0.11189169189152928
-0.8932791681064708
0.8129677376643347
-0.05996314751330998
0.012026176178424367
0.012026176178424367
-0.0024116507676898986
0.43331677440591293
0.43331677440591293
-0.4814230708637229
-0.01625718218788095
-0.02865953428885096
-0.11347316617814973
0.7196566821561833
0.8299523939230906
0.010716522838697447
-0.05589704474500196
-0.010926821237433841
0.08512074747314609
0.4716872293163192
0.12720846332137992
0.001228935408253738
0.001228935408253738
-0.004177216794806428
-0.004177216794806428
0.04095503001910337
0.010827724921599424
0.010827724921599424
0.010827724921599424
0.013811154792034756
-0.014854321955956689
-0.014854321955956689
-0.07975671296982766
0.023049520879271465
-0.7035157863280591
0.04103342732223334
0.05897276532164155
0.015940231668165664
-0.11084512192279229
0.034581626397593414
0.044077858693622025
0.7989935213876428
-0.011362214263285892
-0.011362214263285892
-0.011362214263285892
0.09068972803637003
0.01975260554036547
-0.07811028069358471
-0.07811028069358471
-0.007316528323868397
-0.030851421962153965
-0.002555680706131312
-0.04690030601801767
0.024109237293928224
0.024109237293928224
0.009990468946609812
-0.03070417180842413
0.004260145638007224
-0.029813559217434154
-0.029813559217434154
0.014686765357004741
0.5948018162952212
0.023030680959929408
0.023030680959929408
0.0005895766018807216
0.0005895766018807216
0.0005895766018807216
0.7989935213876428
0.0005895766018807216
0.7307540709646766
-0.017787705697038463
0.0013617609893771892
0.004428028408249986
-0.009467662825930848
-0.009467662825930848
0.7882042945944501
0.7882042945944501
-0.03736600878539417
0.0031558026831292204
-0.004555260004128304
-0.006140875859304521
-0.020392372784884105
0.02347893824788727
0.02347893824788727
0.02347893824788727
-0.7781960646666103
-0.9939861470413847
-0.0032695559582403186
-0.0032695559582403186
-3.1788006639648285e-05
-0.019630034021068936
-3.1788006639648285e-05
-0.06949324186701065
-0.012081782988817213
0.06875641013168572
0.06875641013168572
0.07269627714087804
0.423561079695746
-0.0035307004789882196
-0.05391287755685004
-0.046055801238819534
0.010716522838697447
-0.058024876692542
-0.8299523939230906
0.6107673089020684
0.6107673089020684
0.6107673089020684
0.6107673089020684
-0.02771136347593746
-0.04042905598897855
-0.04042905598897855
0.006256098150152864
-0.07418036481359555
-0.006015486651630621
-0.0023625839821611655
1.2043905014609726
-0.0618502102713729
-0.003004361269810074
-0.002583923986096515
-0.002583923986096515
-0.005309977319652358
0.003180294578273891
-0.007170456702537934
0.011244693004306383
-0.07418036481359555
0.002623761701004823
0.002623761701004823
-0.05193716758359218
-0.05193716758359218
0.9114007133973604
0.02264105150907827
0.07466675011453024
0.0007054263367388691
0.0007054263367388691
-0.932388146998476
0.06374416163430541
0.002369414490363153
0.002369414490363153
