-0.6096814801766689
-0.7854393911893346
0.8299523939230906
-0.8354624737524727
-0.4916938203749834
0.0003062773319294381
-0.7299109897316878
0.061890213976760006
0.034856340639981956
-0.024406579694134643
-0.4292824981088732
0.0010091178194663068
0.02608648267911484
0.4485736870009557
-0.4269860875992718
0.06197503511141895
0.01720142732597119
0.0012540497676938507
-0.4105043918404902
-0.06011801663001603
-0.8221038578151935
-0.04508774476654764
0.0046611786347508614
0.056739363429594514
0.4681294546562711
0.7325795508040889
0.04048607371844106
-0.42281132118260306
0.04269515800534615
0.005657403691272504
-0.8157091659147795
-0.016650758892317583
0.02248158445610989
0.02248158445610989
0.8338976482750305
0.02042155961915339
-0.05522743915358483
0.001498520544847836
0.48710384409068747
0.024555253710422487
-0.010550354831550328
0.026278782648786813
-0.0391130834731741
0.07291140080138289
0.025991785110968217
0.013969343718316499
0.026278782648786813
-0.012823594438505673
0.004141005971859564
0.9967812203352634
-0.012943605554666952
0.016082402513244685
0.08720724779146874
-0.012792222238015379
-0.0013922866384256803
-0.0008887462215086023
0.023439100532978957
-0.8299523939230906
0.2536693997634582
0.0025318638370626697
-0.5617405503759029
0.014554319064125309
0.0012658267921636193
0.005066162204889572
0.0005217993695833854
0.004093814878741097
0.02347893824788727
0.032499773812676734
-0.8299523939230906
-0.8299523939230906
-0.07518630031312608
-0.006023030918891383
0.4338218880139432
0.038404019001416996
0.04481917217187412
0.011386282882709665
-0.005842864853218558
-0.7950960532831086
0.015594177740148783
-0.8299523939230906
0.021228729819863294
0.002002309947483091
0.6267439930541411
-0.814940298017049
-0.02658719295836864
-0.010047071699875364
0.4902551454206069
0.5049490556020976
0.013190101415662108
0.0028225021012536463
0.9114007133973604
0.02241742913605964
0.0647725556456155
0.01660842634051314
0.0018972877715560635
0.01810507949247465
0.09603628135802258
-0.002753516458270759
-0.0032046022239871105
0.026278782648786813
0.0010113799872346783
0.0010315154622636464
0.0048303229326323955
-0.03918246749330607
0.044664400477640184
0.0019179369871168699
-0.0020716773685671834
-0.8221038578151935
0.08546891250239681
0.03628095392415095
0.01715212815377216
-0.0012857788477135305
0.01594069644150626
0.018546946146999303
0.007000814433220053
0.011624562215004982
0.024592236389095704
0.024592236389095704
0.01810101272574443
0.024592236389095704
0.01839431790175685
-0.0348029612561211
0.0020469945843719106
-0.8299523939230906
-0.00043016093044243384
-0.005390242015668661
-0.07134512777052322
0.03350609109030848
-0.008991538245283977
0.009909216607244739
0.005758807274762026
-0.051859492339044924
-0.59428277574137
0.0004159223426906175
-0.021814219736156337
-0.004445971979006604
0.0054494176213553775
0.0010315154622636464
-0.004613348478289072
0.03629556108628399
-0.0034270809226069217
-0.005274604748623357
-0.00676874314483128
0.021326373719008345
0.0024623276608628426
0.018383719409686448
0.01558617397691807
-0.5416371883393607
-0.015299010448620682
0.04446345457583869
-0.03404512027158971
-0.006800837403904284
0.8299523939230906
0.8299523939230906
-0.11203444370328407
0.03229701644284132
-0.002869062430552732
0.5049490556020976
0.024555253710422487
0.007487880295117759
-0.004784343570009048
0.8299523939230906
-0.0017054276766528625
-0.0184144691458813
0.0016665610060454443
-0.05680468068299627
0.7961097571370462
0.004600251829512967
0.9813771847277534
-0.015198752199434774
0.01520082708041958
0.026278782648786813
-0.016650758892317583
-0.003359058024400986
-0.0872076627676657
0.0021561748217924933
0.017406998234422003
-0.9114007133973604
-0.03693927216301073
0.05498442909264415
-0.010014703556512364
-0.0016015757336012664
-0.0013301730012644764
5.4776857998922644e-06
-0.0929894724448833
0.01781936008134269
0.021225368512667903
0.0004777786946097055
-0.0017054276766528625
-0.0006915553423792334
-0.011362214263285892
0.0004159223426906175
-0.020392372784884105
0.02347893824788727
-0.007327906971189083
0.007309390733280659
0.11532022523082558
0.005680194184009632
0.0015159910427399172
0.001536333175914972
0.010148325891933981
0.910594934416658
-1.2132300727047935
0.030690975565360747
0.02063651728917947
-0.08166515768580791
-0.0003330856242055478
-0.8136208726198585
0.16869266715891093
0.7367089023706193
-0.0016128689196985365
-0.031945116627817925
-1.1887914836426046
0.43233788177446286
2.0699110718772115e-05
-0.03680320146802705
0.001661664286921298
-0.07058413129358315
0.8958101747722077
0.02608648267911484
-0.05140285253190844
0.024154851477498233
0.04639417282982198
0.014964124657672715
-0.07803236476284321
-0.010562804117459173
0.03135958521390519
-0.012491198504739473
0.09805804538961924
-0.06153300246641549
-0.5937131296689252
-0.038670552856734305
-0.008384594059608022
-0.6236930032628248
-0.011411546633580684
0.4872109831437533
0.01720142732597119
0.021239975674800946
0.8253173421897003
0.061503871137388796
-0.8361637794021435
-0.12657291748486693
0.024749404473932916
0.04450594813840755
0.0019766478194629894
-0.06638996687089282
0.8299523939230906
0.007152778716547372
-0.024497040849512725
-0.5764394658363662
-0.07168954488704932
0.10248804908456674
0.1541515428429105
0.8003454568708787
-0.5464864721933009
-0.051257278882014326
0.06555121698159413
0.7167401165440946
-0.0023669080341335046
-0.024359766723557844
0.8267881091264954
0.01752106689144279
0.007331558761722343
-0.06705179580837892
0.06301421850385004
0.018192988050038984
-0.006023030918891383
0.0606601009566524
0.03665531463389421
0.011428112483363388
-0.408699165756791
0.007479995747375489
-0.412502015311969
0.003508739938645015
0.022503113421208257
0.02916220325575442
-0.4788908295822355
0.5052930352742709
-0.04814954529954153
0.2374867602977704
0.0009190062857910383
-0.045044255261106066
-0.007346224020522966
0.7449569757742982
0.622425846952084
0.0036896861595681267
0.002107365321505876
-0.01732608617553844
-0.0004284670731247651
0.03890385247466609
-0.4291645104732917
-0.82291723605981
0.007473331229652286
-0.005196157648349746
-0.4991156962099147
0.09603628135802258
0.010199616949878431
0.02446458971091033
-0.59597919177199
-0.002753516458270759
-0.06548683893948964
-0.44017337086986014
-0.027137866371736607
0.028686457944509827
-0.3743367393923396
-1.3471125267993966
0.6995484064149405
0.0010430841686825403
0.10935119931420677
0.3037201705706516
0.013247036149885231
-0.3819845742400707
-0.10751332763628366
0.024592236389095704
0.01839431790175685
0.023766682742860402
0.8061377399318614
0.0027574504326179543
0.030690975565360747
-0.0008807454804311836
-0.03105277671244364
-0.06505963617867351
0.8207294649503808
-0.8855005021546615
0.509310819915855
0.000991967400740817
-0.8232675268706208
-0.08671359210756328
-0.447683127602034
0.03169637989535918
-0.014751075878152659
-0.025430986278394376
-0.09083164989573088
0.8299523939230906
-0.008384594059608022
-0.00291548166794485
-0.4347224948352123
0.03657213442203493
-0.0417563241568643
-0.005384912061394885
-0.26477007083926246
0.0072311179230097715
0.023869928820664438
0.8299523939230906
0.01621834871536929
0.30314796742444805
0.0029411935931085873
-0.014308047290276512
-0.8131429531127692
-0.3953359117279833
0.01699003845123898
0.526986966036603
-0.024463676763277018
-0.5005619490176444
-0.01621004919143006
-0.15497979943665208
-0.019231905857704033
-0.006641494843794991
0.020620499207976754
0.005956775819284502
0.4365932378951413
0.43233788177446286
0.0031825852468811183
-0.8299523939230906
-0.025379197249013583
-0.005057530699992772
0.001661664286921298
0.5033125631262557
0.01809935282095658
-0.40613002001652776
-0.013897967812439113
0.03373847776060695
0.02339486407038286
0.008342017501799769
0.014105704896638059
0.09805804538961924
0.0320691447135658
0.011428112483363388
0.8299523939230906
-0.8299523939230906
-0.0016015757336012664
0.02792308433162724
0.13048163787205777
0.7190873531428442
-0.006800837403904284
0.0303462133409251
0.027087903237622436
0.6095193755690554
0.09868989644663682
-0.4814230708637229
0.0015159910427399172
0.08950977218758958
0.006493472834338807
0.034581626397593414
0.07552624881367699
-0.05727609364274457
-0.003623754741394876
-0.0022540239838244004
-0.9939861470413847
0.0016665610060454443
1.2043905014609726
-0.007932950565882954
-0.0001699742502754473
-0.025461860507448315
-0.0047632445202507355
0.0031825852468811183
-0.03933916250527874
-0.39639860631190627
-0.0345055336145977
0.0012825835309969262
0.035029199804778685
-1.1887914836426046
-0.8299523939230906
-0.5851665433132257
-0.9114007133973604
0.0010091178194663068
0.007487880295117759
-0.04508774476654764
0.23160171191308296
-0.0015631358095771573
0.8863628426086936
-0.8299523939230906
-0.07168954488704932
-0.5254183178396421
0.17417352578549233
0.026587358948847423
0.016092195951492982
-0.7190855046706321
-0.8299523939230906
-0.004712478540911556
-0.4680477280255153
-0.7506463759170091
-0.8135287808097749
-0.0012090580484192797
-0.012792222238015379
-0.06638996687089282
-0.043666866268151305
0.10248804908456674
0.2536693997634582
-0.051257278882014326
0.06555121698159413
-0.4464445662735725
0.03177539136326066
0.0013926016194889044
-0.9114007133973604
0.014554319064125309
-0.39639860631190627
-0.9114007133973604
0.02821898725863264
-0.5235486600366748
-0.01673996549542601
-0.058080483502934835
-0.9652393989037124
-0.010414740610383295
-0.3653770354823383
0.00484119530899278
0.01872995064985935
-0.004034406886384082
-0.004034406886384082
-0.0012090580484192797
0.0019179369871168699
0.006763536366423438
-0.4788908295822355
-0.008513946295070901
-0.537582928941508
0.0013926016194889044
-0.0014767674926031119
-0.4840536080525721
-0.02658719295836864
0.0009543622577721617
-0.06769664391988532
-0.8476789452379141
-0.01732608617553844
-0.10169987649415374
0.012284291372934448
-0.011290008405014585
0.0012825835309969262
-0.04124813600654125
0.0003371208527448019
0.0002758836453115806
-0.003164284796595115
0.014673973300757199
-0.013107936128663724
0.06420105042716005
0.09603628135802258
-0.004558845504580144
-0.0017157937820529618
-0.38652135984977887
0.003488929804954464
-0.02313392703773344
0.018245192055616748
0.03441090519016343
0.020758852272043733
-0.027100103537813107
0.01714100679169359
-0.00373453678693573
-0.079190820613805
-1.3471125267993966
-0.016000096134339333
0.0010430841686825403
-0.8299523939230906
0.011624562215004982
0.08207083841595751
-0.06505963617867351
0.3974520929095053
-0.03317054133744537
-0.009785910580079585
0.022441497755483406
-0.4436500598186506
0.025824300717874536
0.08207083841595751
-0.034107474594945154
-0.0184144691458813
-0.05847466607787898
-0.6091112088605038
-0.03590996520406732
-0.447683127602034
0.005556614272554483
-0.03775436010955867
-0.025461860507448315
0.0045198685146722725
0.004914106626798923
0.8289270126389704
-0.035280363318037265
-0.02586809647574946
0.04939336349621792
-0.0014437436868489123
-0.0759048730957847
-0.029996554397365302
0.7835481650995297
0.007206825216439643
-0.010069148433553717
0.007479995747375489
-0.12177891476033507
-0.8299523939230906
-0.0013918799617526581
0.2536693997634582
-0.4916938203749834
-0.3953359117279833
-0.0022997150883214833
-1.2132300727047935
-0.8863628426086936
0.010989067666978072
-0.42548832547347065
-0.05344744025433797
-0.7995545645330829
-0.00412842389356769
-0.006543859244173879
0.0016869861344598917
0.4365932378951413
-0.05305155296243666
0.023015409835881222
0.9813771847277534
0.82308143233022
-0.005057530699992772
0.04911326286279281
0.41553238967426226
-0.43959235885414033
-0.4640267858396026
-0.018375776765276606
-0.016650758892317583
-0.05027942897149414
-0.42601786473536696
-0.010721735980541255
0.007267486436911481
0.009891779307448416
0.029445051031603414
0.014105704896638059
-0.002472262191018102
-0.013315507222383888
-0.02851957111713977
-0.4436500598186506
0.0320691447135658
0.05498442909264415
0.053205675121988164
-0.5912716068652444
0.03180526964944189
-0.0013918799617526581
-0.005278812607260547
0.3941660065580505
-0.8347921612311989
-0.6923827970911587
0.01617998756500266
-0.8261673453851828
-0.49259154181528597
-0.03820629159676442
-0.48766653457412634
-0.7459562884314118
-0.8241666871101287
0.7970613805519183
-0.025184614910258307
0.07552624881367699
-0.5220360594435395
0.0005895766018807216
-0.0027150398652884848
-0.005304466435756709
0.02347893824788727
0.423561079695746
0.0015159910427399172
0.0015159910427399172
-0.7299109897316878
-0.047960707973351814
-0.047960707973351814
-0.1090061964035769
0.07774338363880312
0.03628095392415095
-0.04050549460445887
0.19392371491585808
0.03937712273584962
-0.010721735980541255
-0.36479321771311807
0.24662760951159904
-0.011430460202745279
0.08909879229245886
0.012619179308458794
0.016349979165045492
-0.0536279715966615
-0.03045028937112305
0.056739363429594514
-0.0506410069443783
-0.005774476775959296
0.3026172757072279
-0.0004284670731247651
0.009909792426725001
0.0009190062857910383
-0.8106161120184581
-0.0004284670731247651
0.8299523939230906
-0.0031194009711317536
-0.027619487745930173
-0.002488707440789661
0.002507128491086811
0.26547490278419666
-0.012943605554666952
0.4384475898913814
-0.12657291748486693
-0.014401819519439172
0.0012211255562269217
-0.4970228769901387
-0.01582154847583466
-0.0008887462215086023
0.006195187943962848
0.06301421850385004
-0.004985714919346606
0.03177539136326066
-0.058080483502934835
0.0044228356785534105
0.010911882094343225
-0.0336245252969213
-1.0255775656771726
0.5033125631262557
-0.04658287080610433
0.005688012335560387
-0.43273341575758983
-0.4662434580937467
0.018024574110264112
0.038163866920244253
-0.005842864853218558
-0.010414740610383295
-0.0930912782834259
0.026295298701425888
-0.05375717018822613
-0.06036227161954759
-0.012212615854242855
0.03514566204450355
0.00030220226567527573
-0.004736870293076647
0.2357312149509677
-0.0026929332533239484
0.0016046299584109032
-0.011390183658961103
-0.0004284670731247651
-0.5059131974677928
1.2134318344395445
-0.005304466435756709
-0.029813559217434154
-0.01732608617553844
-0.011290008405014585
-0.8299523939230906
0.01188359035714838
0.09603628135802258
0.010565957936556082
0.03135958521390519
-0.0044583133711042396
0.00018068893568099604
0.4300015937661156
-0.011897948533563248
0.9114007133973604
0.001575722716530562
0.0010315154622636464
-0.0017157937820529618
-0.001659323821170435
0.6995484064149405
0.011624562215004982
0.026026676309608733
-0.005304466435756709
0.0035707456819950084
-0.027956116436905383
0.3974520929095053
0.01839431790175685
-0.018031213729415498
0.556929775980394
0.026587358948847423
0.000991967400740817
-0.00013279570283727019
-0.01237102139809941
-0.0021754712149512053
0.003218140407436784
0.012619179308458794
0.0021656030809874597
0.009147486300102129
0.8299523939230906
-0.09017930731410732
-0.010479061920912334
0.006245839938563975
-0.0078046482253063855
-0.004445971979006604
0.004770973036942947
0.023766682742860402
-0.01280126871910914
0.8087991482734544
-0.058452883142088116
0.0045331003813206495
-0.0003137220049029307
-0.005639858497664969
0.012882272072756034
-0.007720482753038643
0.8299523939230906
0.0026790531294879796
0.0010392414890986763
0.023766682742860402
-0.06921072607211923
-0.015299010448620682
0.0072311179230097715
0.0003036048852210058
-0.8299523939230906
-0.24839374187069987
-0.012481806763449841
-0.001343493737186942
-0.004637500092952236
0.02266243108274573
-0.01104932221077689
0.0077173787310853715
0.03229701644284132
0.016349979165045492
-0.01621004919143006
0.04676134376889356
-0.04690030601801767
0.01335011623721048
-0.003796368240283
0.8299523939230906
0.01316997909325984
0.01987013924863088
0.004617871718835955
0.43233788177446286
0.018867747645822396
0.021930247080826783
0.050529385733971956
-0.0008519793304578093
0.01987013924863088
0.03380736380930256
0.011498492446368065
0.5133074229016024
-0.016650758892317583
0.82112427330417
-0.0872076627676657
-0.006023030918891383
0.17172710699232502
-0.8299523939230906
-0.05027942897149414
0.00010662896376166299
0.01771964960073677
-0.00022782193213188837
-0.04998695374787565
-0.04998695374787565
0.0013125863100372464
-0.9124738150915461
-0.03821349807340086
0.0032033672548249527
0.0037744242989876738
-0.015745641029886456
-0.0016015757336012664
-0.04030572506324157
0.01771964960073677
-0.07010927403140006
5.4776857998922644e-06
0.018828698385688312
0.7748803218576481
0.28520578057805396
0.012227254554566871
0.04554297365461446
0.013236031222676976
0.006493472834338807
0.034581626397593414
-0.01246845780914598
0.042510742583416444
-0.0021990418629386204
-0.04522551686393887
0.0015159910427399172
0.008251179212284883
-0.058024876692542
-0.007170456702537934
0.015041725206504524
-0.014625504080952095
-0.38477518617345113
-0.007682246846250608
0.05596547597978571
-0.8136208726198585
0.8813562972692418
-0.43349049800444583
0.033670714199985595
-0.010721735980541255
-0.7839066078370661
-0.05484342018091661
0.013190101415662108
-0.8135287808097749
0.08495591892771297
-0.44017337086986014
0.23009414896863906
0.0009257454992296937
0.07898084265814247
-0.9967812203352634
0.002892649677588026
-0.10255633823084827
0.8299523939230906
-1.213887100878984
-0.007170456702537934
-0.5130536169955424
0.38364043911745194
-1.1844423637741666
0.024555253710422487
-0.05131129218381084
-0.006734897686207095
0.019177792961620244
0.0035452910420733876
0.026278782648786813
0.4252153883661954
-0.4557349797376316
-0.03515168749888343
0.004425721140594879
-0.058080483502934835
-0.04658287080610433
0.376822931617784
0.376822931617784
-0.05070235739197438
0.0196023966063513
0.01806839559666325
0.01806839559666325
1.1208528661400003
-1.1156184462563776
0.04272189907147835
0.0007806781202958767
0.01872995064985935
0.012211421552748
0.012211421552748
-0.8299523939230906
0.01936216688593026
-0.010390132521903472
0.8215895446162033
0.7961097571370462
-0.0032695559582403186
0.04680997897917744
0.038404019001416996
-0.7722973440172807
0.001423534346056885
-0.8149287616787736
0.5669969526709797
-0.5059131974677928
0.3105803591315294
0.5515202519936412
-0.008513946295070901
-0.008513946295070901
-0.7907221760996095
-0.050240089228022186
-0.050240089228022186
0.28209185641810386
0.005229339145058791
0.8208308851329182
0.8208308851329182
-0.7921669022992358
-0.4497850036954522
-0.04124813600654125
0.8796415429997834
-0.4991156962099147
0.00013159891148523307
0.0012540497676938507
0.01806839559666325
0.08469415194266962
0.003488929804954464
0.003488929804954464
-0.029813559217434154
0.04635582902922273
0.015178078085302147
-0.054029245182002
-0.012081782988817213
-0.028050648014573222
-0.3743367393923396
-0.0028108495696429663
-1.3471125267993966
-0.006914134205198725
0.0009297541692923421
0.0009297541692923421
-0.5862468983995202
0.3037201705706516
-0.03317054133744537
0.0196023966063513
0.0015672240040167894
-0.0015281581448348296
0.06202699013127853
-0.13796298644183536
-0.014401819519439172
-0.01968464488858908
0.025824300717874536
0.07898084265814247
0.025824300717874536
0.038606646522402234
0.025824300717874536
-0.824963081367934
-0.2744419111174826
-0.004259481676092086
0.0196023966063513
-0.0184144691458813
-0.5059131974677928
-0.447683127602034
-0.0014995662848641793
0.030285792806647498
-1.213887100878984
0.005556614272554483
0.038606646522402234
0.004850806157714408
0.02755184662582545
-0.5719839100204366
-0.67478494442951
0.03614899149351717
0.03946556425487323
-0.7307540709646766
0.06226111970160424
0.06226111970160424
0.5583338710180091
-0.032617046085938066
-0.004637500092952236
-0.05647178650945599
-0.4733993754629705
-0.4733993754629705
0.0024776817801504198
-0.7307540709646766
-0.13796298644183536
0.024555253710422487
0.047711058293259744
-0.7307540709646766
0.09068972803637003
-0.04342717601678633
0.05632275222641693
0.0035959712550559073
0.43233788177446286
0.05862468328763021
-0.8299523939230906
0.02657731652488095
0.9813771847277534
0.9813771847277534
-0.5234622858614661
-0.04276391956118269
-0.8271000384342276
0.030690975565360747
0.82112427330417
-0.019037448011807852
0.275448745630042
0.03629556108628399
0.03629556108628399
-0.35389743512005056
-0.0008190883170866373
-0.044735280583896385
0.018662696287570182
-0.03693927216301073
0.8299523939230906
0.004850806157714408
-0.013315507222383888
-7.0382286520629904e-06
-0.8221038578151935
-0.0016015757336012664
-0.6044446249507213
0.8261673453851828
0.022503113421208257
0.022503113421208257
0.3941660065580505
0.022441497755483406
-0.8299523939230906
0.4857251313896674
-0.908042660844286
0.576298139574784
0.014662851938678634
0.010827724921599424
0.010827724921599424
-0.9967812203352634
0.007473331229652286
-0.029813559217434154
-0.01246845780914598
-0.048560265582721855
0.042510742583416444
0.016808370171733155
0.0016665610060454443
-0.9026297574594287
-0.007170456702537934
-0.007170456702537934
-0.9996646198377999
0.71062847834398
-0.0031194009711317536
1.0604720848582778
-0.44969961127330893
0.01602911956955482
-0.5851665433132257
-0.06919933400157849
-0.006347143927766227
0.0016426251790047023
0.05328294368986241
0.42462022440421787
6.398932957146747e-05
0.06197503511141895
0.011062717642414809
-0.009093797617178151
-0.9114007133973604
0.23009414896863906
0.9967812203352634
0.23160171191308296
-0.014316453773687319
0.002067062833256971
0.04048607371844106
-1.0989389045755937
0.024779058672967792
-1.213887100878984
0.009261604754266552
-0.009415975899536246
0.01713926389166635
-0.004751029280916975
0.0026619893082689204
0.0002558693433321253
0.8299523939230906
0.025052113010568488
0.0008415053312464999
-0.4680477280255153
-0.28801207619716296
0.008331477106396945
-0.01786032653150673
-0.4253761296444048
-0.0046488953393208
-0.01582154847583466
-0.049612096619683944
-0.044998192903243334
0.01155489162875645
0.1541515428429105
0.00572816211256881
-0.018375776765276606
0.0016426251790047023
0.2725202487556762
0.8267881091264954
0.376822931617784
0.02821898725863264
0.005688012335560387
-0.10541557336174742
-0.8299523939230906
-0.015283241353136141
-0.4662434580937467
0.03925185151343803
0.007331558761722343
-0.7856395757067489
-0.47573998407684664
0.00484119530899278
0.0076274118915841075
0.015670829121098226
0.8299523939230906
-0.010774358982670169
-0.8415346082685485
-0.03515168749888343
-0.0616504831254945
0.6235483809112269
0.04680997897917744
0.038404019001416996
0.00030220226567527573
0.5052930352742709
0.5297844410075729
0.005477270823695436
0.00608845606610434
1.213887100878984
0.03665531463389421
-0.03343721334113681
-0.06769664391988532
-0.01786032653150673
0.8299523939230906
0.012284291372934448
-0.17587189198666645
0.01660842634051314
0.0683109746818672
0.0474804975182279
-0.59597919177199
-0.59597919177199
-0.0348029612561211
-0.5043715646614298
0.7325795508040889
0.07552624881367699
-0.0181412654168497
0.0034798243972407345
0.5277432881291656
-0.6857100129571488
-0.4384475898913814
0.03628095392415095
0.08469415194266962
0.006177385465113198
0.0008332805030227222
-0.0011038366839177106
-0.010181357997212122
0.023766682742860402
0.09462287243117155
0.02792308433162724
-0.02658719295836864
-0.03517396342113632
0.7649765829362033
-0.013976315318425452
-0.006161276089147152
-0.005219296721092321
-0.003443090704285698
-0.824963081367934
0.008359944473508506
-0.0184144691458813
-0.01786032653150673
0.0555266369915941
0.016920239454910047
0.007931455518472505
-0.7463344562959746
0.009459465404977819
0.006195187943962848
-1.1093058026448948
0.01558617397691807
0.04939336349621792
0.6747697652399598
0.027142431109903182
-0.06949324186701065
-0.09416971842408954
-0.03404512027158971
0.08907879043976531
-0.12177891476033507
0.017623624108759867
0.005556614272554483
-4.2588758108445215e-05
-1.2132300727047935
0.5297844410075729
0.02159004959455771
0.0010115791758092197
-0.7751378590457574
-0.8282583614928062
-0.4253761296444048
-0.03856000319786375
-1.1068782442313048
-0.552433794913594
0.0016869861344598917
0.005477270823695436
-0.0716405030000924
-0.0017054276766528625
0.03180526964944189
0.00361184492454208
0.82308143233022
0.010716522838697447
0.01602911956955482
0.01576917847977811
0.02498173304756381
-0.06949324186701065
0.5133074229016024
0.3653770354823383
-0.013128518948033015
-0.29303270786538366
-1.055074591456335
-0.42601786473536696
0.43899859767069926
-0.001641687332799569
0.3933446270287863
1.0604720848582778
0.05498442909264415
-0.4003796877907945
-0.0016015757336012664
0.8261673453851828
-0.00835365343436257
0.7190873531428442
0.7970613805519183
0.022503113421208257
-0.01642594789397992
-0.02762126384405317
-0.025062487415492524
-0.04550695372071819
0.04554297365461446
-0.010047071699875364
0.01882163429409823
-0.8135287808097749
0.013236031222676976
-0.003623754741394876
0.0005895766018807216
-0.0022540239838244004
0.08907879043976531
-0.049612096619683944
0.007473331229652286
-0.007170456702537934
0.0030801110248034344
0.06573123365583607
-0.058024876692542
0.00572816211256881
0.010148325891933981
-0.05364148312403718
-0.007932950565882954
0.8299523939230906
0.3037201705706516
-0.5146736021081648
-0.7854393911893346
0.005100796948240375
0.03373847776060695
0.03474263086775205
0.04503197196567601
0.004431688498307188
0.004918629867345804
0.11759761459975056
0.11759761459975056
0.0021093240091555345
-0.002892467088061363
-0.07058413129358315
-0.24216461498779404
0.003977044091531349
-0.003435878417982506
0.0459050818840831
0.010164675954094267
-0.012724830103628824
-1.200678078027844
-0.283559558581772
0.7977885018442344
0.0026888548672602108
-0.0012999181834617653
-0.012943605554666952
0.10248804908456674
0.16899300481105345
0.007931455518472505
0.018383719409686448
0.03373847776060695
0.515975179437445
0.031975575880674914
-0.08397542893862771
0.02821898725863264
-0.10541557336174742
-0.03759559851612511
-0.0008807454804311836
-0.0015909772415308684
0.0807199249043689
0.8036385872832802
-0.005842864853218558
0.01752106689144279
0.0007647480140469168
-0.8299523939230906
-0.07121406516057079
-0.008566187643398395
0.8215895446162033
-0.015000451673954729
0.2909647076190806
-0.0043138601569419266
1.2134318344395445
0.0001586902175276706
0.0051289398039659154
-0.7722973440172807
0.012284291372934448
0.010470762396973102
0.03739234317485335
0.04460848875667675
0.016018670468915332
-0.028050648014573222
-0.007504338251089253
0.2560040957813719
-0.795437479278322
0.010164675954094267
0.02789038420730667
0.014823613717381535
0.08207083841595751
0.8061377399318614
0.05121827111949995
-0.7856395757067489
0.01562169593937798
0.01558617397691807
0.04939336349621792
0.01238333834985622
0.006177385465113198
-0.0016700302070520427
0.003910743979689542
-0.01639663078910791
-0.03269904538245767
0.03373847776060695
-0.8299523939230906
-0.13796298644183536
-0.825461471722429
0.010154052563452053
0.0030874395044417752
0.012102365808186506
-0.0033206395280862854
0.8299523939230906
-0.03343721334113681
0.09418880732914978
-0.04846871496165062
0.039116486277989186
0.03373847776060695
0.4261703997030378
0.039135326197331226
-0.047040954730406245
0.01809935282095658
0.8299523939230906
0.024555253710422487
0.012150254061315868
0.8299523939230906
0.0077173787310853715
-0.013141549200617606
0.012950826140494082
0.047711058293259744
-0.46562209016935263
0.0016264909044668378
-0.6888697456480954
0.08495591892771297
0.010470762396973102
0.02789038420730667
-0.825461471722429
0.04939336349621792
0.021930247080826783
0.005104456208345184
0.043965815120442404
0.02498173304756381
-0.825461471722429
-0.9795880819508754
-0.11152366915807226
-0.044735280583896385
0.023345232917226257
0.02339486407038286
0.0013907761250687406
0.8299523939230906
-0.0016015757336012664
0.0024931354937252678
-0.04840830129939453
-0.8204409734982531
-0.01642594789397992
0.06373818597706915
0.027087903237622436
0.3252642378927697
-0.05331879763327989
0.2560040957813719
-0.5018028966878088
-0.027131309747824617
0.04095503001910337
-0.006911835237067559
0.01635786371278776
-0.008504439185290516
0.8299523939230906
0.00021860448084497854
0.00021860448084497854
0.0005895766018807216
0.013908176226884365
0.0024623276608628426
0.0234257382994368
0.03228257527118706
0.042510742583416444
0.012950826140494082
-0.05161034063038921
-0.03736600878539417
0.3194356641589113
0.03476662278619887
-0.020392372784884105
-0.054615266267827145
0.0027540310287549915
0.11532022523082558
0.423561079695746
0.0015159910427399172
0.01714100679169359
0.3641485938374457
0.013725329414979169
0.03373847776060695
0.0032033672548249527
-0.0028029152247570615
0.0045198685146722725
0.008200452521968304
0.019713867512379107
-0.03933916250527874
0.8299523939230906
0.073344054984335
0.11759761459975056
0.11759761459975056
0.061890213976760006
0.01562169593937798
-0.49956057856709146
-0.03872964546718163
-0.022249197785811425
0.01781936008134269
0.01558617397691807
0.00015884043891097068
0.001990283937295146
0.7190873531428442
0.0029135478788670094
0.5669969526709797
-0.007932950565882954
-0.5018028966878088
0.061890213976760006
0.025669431601168483
-0.003435878417982506
-0.045044255261106066
0.011955796215419688
0.8299523939230906
-0.3653202405169723
-0.0041672822646511695
0.6095193755690554
0.0005895766018807216
-0.5001941353344845
-0.01288467893469841
-1.213887100878984
-0.05522743915358483
-0.5055986157065216
-0.4628385322100158
-0.4269860875992718
-0.44017337086986014
-0.4105043918404902
0.05400774111547545
-0.0029539001642595497
0.7839042856122181
0.005917012800091646
0.0027574504326179543
0.023810255243541367
0.01882163429409823
0.4681294546562711
-0.42281132118260306
0.009909792426725001
0.012623824897288385
-0.5130536169955424
-0.08739241017055299
-0.0396665787246814
0.06364531430418917
-0.8142629738683683
-0.7939112132455441
0.0002558693433321253
-0.0031194009711317536
0.07291140080138289
0.0009091381518272927
-0.0076641123864433875
0.1126137504742424
0.09359290151031298
-0.4680477280255153
-0.008504439185290516
-0.0009784308771959315
-0.014653033601858524
-0.0015277514681618074
-0.01635301513090246
-0.12177891476033507
0.004532062940828247
0.010563443180802495
-0.0026246331510184425
-0.02586809647574946
0.014554319064125309
0.03414407549551716
0.010347680456954307
-0.0013101628490469908
-0.7860492402083893
0.009110885399530118
0.03414407549551716
-0.03759559851612511
-0.4531976396901712
-0.004034406886384082
0.0010390423005241349
-0.004883290494412559
0.01806839559666325
-0.8299523939230906
0.024663313512111276
-0.028289508313544282
-0.010774358982670169
-0.04251522432634362
0.03887497013135756
0.01936216688593026
0.038404019001416996
-0.8149287616787736
0.022770872662535725
-0.3103319794265603
0.5515202519936412
0.0008252065934104678
0.014242564046395982
-0.027450509438527435
0.0016046299584109032
0.009802019956045635
-0.006493298544336083
-0.0032032630159392404
0.002002309947483091
0.0012540497676938507
-0.011390183658961103
-0.015397857778736918
0.005477270823695436
0.5473710080645102
-0.4761660499067995
-0.8312661657132924
-0.39639860631190627
0.8299523939230906
0.5049490556020976
0.013190101415662108
-0.04194288915549426
-0.028232278614240366
-0.004555260004128304
0.0027574504326179543
-0.04124813600654125
-0.004883290494412559
-0.05121785614330298
0.0004241645999146678
0.04460848875667675
-0.002251289275026585
-0.4761660499067995
0.012623824897288385
-0.028069902910112236
0.005556614272554483
-0.05603033509946602
0.00484517908048361
0.008233600820581593
-0.013792148882213919
-0.004689728997101816
-1.3471125267993966
-0.0043138601569419266
-0.013792148882213919
0.001720109534501362
0.0046611786347508614
0.028557250955823874
-0.053411503315681105
-0.0003897348548051623
0.0004792427306325859
0.007105637420572539
0.029297128616434496
0.0008252065934104678
-0.42281132118260306
0.0023451549818887807
0.014686765357004741
0.073344054984335
-0.04584806415462058
0.08551787969363829
0.01499242603430549
-0.03517396342113632
-0.13796298644183536
0.008251179212284883
-0.013792148882213919
0.4384475898913814
-0.004345348550767368
0.007378052694829916
0.009909216607244739
-0.020438465749417604
-0.010479061920912334
0.009639822359701244
0.0004241645999146678
-0.013310112531823388
-0.47962673427171576
-0.021814219736156337
-1.0506396401514182
0.9114007133973604
0.043741561983604384
-0.9067445258790172
0.024700397444976548
-0.01708672790513102
0.8289270126389704
-0.4915301040449179
0.004850806157714408
0.051421949736492605
-0.039924610923952095
-0.003876159863434767
-0.053052382914830575
-0.8299523939230906
-0.011897948533563248
-0.4807389486574692
-0.004273092895352424
0.005078047123170551
0.007152778716547372
-0.0341803444151316
-0.13796298644183536
-0.13796298644183536
0.8299523939230906
0.005078047123170551
-0.0043138601569419266
-0.05947339260565595
-0.0341803444151316
-0.008264392054396141
0.8299523939230906
-0.0017157937820529618
-0.8093158766339111
-0.0049340835809206516
-0.0341803444151316
-0.005057530699992772
0.010716522838697447
0.0196023966063513
0.376822931617784
0.7649765829362033
0.42440071931170414
-0.013315507222383888
-0.6044446249507213
0.022415727733652094
-0.009692848018148988
0.031647159568637576
0.00400647898832857
-0.04690030601801767
0.014686765357004741
0.8299523939230906
-0.004340277541640499
-0.059119741591081396
-0.059119741591081396
0.0032033672548249527
-0.002488707440789661
-0.002488707440789661
0.004501877572261263
-0.002627114708676273
0.09462287243117155
-0.004730147678685869
0.015062389042845426
0.002369414490363153
0.040890499128450004
0.007265028335265301
0.01759756360359068
0.0002758836453115806
0.0008252065934104678
0.008151228045484727
0.011516751399034374
0.016920239454910047
0.4485736870009557
-0.4269860875992718
0.006317041554438636
0.03279004966245133
0.013161675546170244
-0.28296253578032426
0.9967812203352634
-0.0536279715966615
-0.005219296721092321
0.056739363429594514
-0.0019120443251200157
0.038397000547697256
0.023810255243541367
-0.8157091659147795
-0.03452743050627023
-0.00577397880452294
-0.00022782193213188837
-0.8256003144584085
-0.10874119260419723
0.00617908686752074
-0.0019120443251200157
0.008331477106396945
-0.012943605554666952
0.0576033034081476
0.047870160167174804
0.16899300481105345
0.034080003170706294
0.00572816211256881
-0.007480518617383661
0.8244226286104793
-0.018375776765276606
-0.0038190757377807366
0.04884966998248283
-0.8151508569393873
0.0031825852468811183
0.005104456208345184
0.022698412838831877
0.01752106689144279
0.0003036048852210058
0.0196023966063513
0.007331558761722343
0.0034007963302913778
0.2511844238978855
0.00443078385019781
0.007479995747375489
0.03255355472780295
-0.04381318687519995
0.011386282882709665
-0.03517583911354659
0.00608845606610434
0.028663650852724813
0.0015984551126001156
-0.003979480636954252
0.3974520929095053
0.04450594813840755
0.0013617609893771892
0.007473331229652286
-0.04124813600654125
0.0003371208527448019
0.509310819915855
-0.814940298017049
0.034581626397593414
0.07278259218984605
-0.01384337354396685
0.0010315154622636464
0.01806839559666325
0.004914106626798923
0.004914106626798923
-0.0181412654168497
0.0048303229326323955
0.9114007133973604
0.8299523939230906
0.04762930798245832
0.08290427660993509
0.014939724057291376
-0.007504338251089253
0.407008973287427
0.030690975565360747
0.8244226286104793
0.030183708662194955
0.01602911956955482
0.027927898055511997
0.006177385465113198
0.3974520929095053
0.01839431790175685
0.8061377399318614
0.011344121301098372
-0.01224627955329277
-0.0003897348548051623
-0.02658719295836864
0.2866702391320496
0.0426850325861403
0.008950819858114571
0.07064578015740376
0.009909216607244739
0.000991967400740817
-0.054029245182002
0.004681612062689247
-0.004730147678685869
0.00611478215603958
-0.011430460202745279
0.019720166851048986
-0.001962140251617214
-0.025461860507448315
0.016658970441303055
0.02176248050391917
0.004914106626798923
0.004914106626798923
0.03180526964944189
-0.035280363318037265
-3.115359076169869e-06
0.018383719409686448
-0.0014995662848641793
0.004666100252446825
0.004820612489623487
0.006289462236388572
0.005100796948240375
0.03289034940925694
0.025669431601168483
0.013639354646492678
-0.004839311317058574
-0.003876159863434767
-0.12177891476033507
-0.03070417180842413
0.021160383240223724
0.011171740188880546
-0.012481806763449841
0.0005895766018807216
-0.004637500092952236
0.02266243108274573
0.0010115791758092197
0.010347680456954307
0.03289034940925694
0.03289034940925694
-0.03856000319786375
0.04676134376889356
0.7995213594475066
0.005386324640369343
-0.005304466435756709
0.021930247080826783
0.03227036667147245
0.0009091381518272927
-0.03317054133744537
0.001661664286921298
0.010716522838697447
-0.6888697456480954
0.01602911956955482
-0.07010927403140006
0.01602911956955482
0.17172710699232502
0.02831017412815297
0.01771964960073677
-0.013897967812439113
-0.013897967812439113
0.41882625444820176
-0.002472262191018102
-0.002472262191018102
-0.026078681126611963
-0.013191097358534815
-0.013191097358534815
0.8299523939230906
0.7190873531428442
-0.8204409734982531
-0.005278812607260547
0.01596388531139247
0.018828698385688312
0.03289034940925694
0.02176248050391917
0.055747155342659456
0.027087903237622436
0.8244226286104793
0.8244226286104793
0.01617998756500266
-0.09546278425382172
0.08970540449717723
0.1433871403123197
0.11920910826445917
0.7736268447571061
0.01781936008134269
0.14054893053205866
0.00605056873932175
-0.026758827113431936
-0.8152993354226602
0.8299523939230906
0.0005895766018807216
-0.010556828460222926
0.3194356641589113
0.026263345534259852
0.06573123365583607
0.0032033672548249527
0.073344054984335
0.005100796948240375
0.05581853124853685
-0.01941616922599094
0.07774338363880312
0.0010091178194663068
-0.007498868864813299
-0.0345055336145977
0.05121827111949995
-0.04050549460445887
-0.08166515768580791
0.027087903237622436
-0.02337975893681346
0.026366133507636197
0.02996061745870843
0.01746966793968713
-0.004388954249544087
-0.002568536668713181
-0.010721735980541255
0.009802019956045635
0.050510512774063994
0.24662760951159904
0.08909879229245886
0.05747760608398911
0.0210216400985316
0.0072311179230097715
0.002757765814527645
0.004911932151526845
-0.014316453773687319
-0.0012868411867777518
-0.10255633823084827
0.8299523939230906
-0.05875613114777974
-0.8157091659147795
0.015341255025471368
0.02352554837432999
0.04308208181139309
-0.03452743050627023
0.009261604754266552
0.03047438742491844
-0.015882052005351654
-0.004177216794806428
0.00021860448084497854
0.017724629315100306
0.006449388668266263
-0.01169641036379451
0.0360472393300222
0.004141005971859564
-0.7574787246914971
0.8253173421897003
-0.0014437436868489123
-0.0010084526067829236
0.028916537347153184
0.00470984704313051
-0.4011053013057069
-0.0008887462215086023
0.0025318638370626697
-0.7860492402083893
0.06555121698159413
0.03525994648914676
0.0013926016194889044
-0.024359766723557844
-0.03219675819365541
0.005688012335560387
-0.10541557336174742
-0.004839311317058574
-0.024711367755719423
0.01806839559666325
-0.3653770354823383
0.04911326286279281
0.02339486407038286
0.0076274118915841075
0.0007806781202958767
-0.0013733969219399907
0.015023632244317003
0.0011995301949370427
-0.8048145744250442
-0.05875613114777974
0.038404019001416996
-0.06638996687089282
0.0016377782570241913
0.011386282882709665
-0.7950960532831086
-0.009298454640556737
0.8210353854027809
0.8208308851329182
0.012184066321844295
0.005956775819284502
-0.07680412651460036
0.039116486277989186
-0.7950283408744928
0.01784480642174037
0.021604822747169537
-0.004555260004128304
0.07064578015740376
-0.011290008405014585
-0.02862464309021043
0.06948112456205938
0.01492412095228562
-0.02232978616326136
0.017406998234422003
-0.00334907369710209
-0.003150656978286897
0.08469415194266962
0.0010430841686825403
0.0058822543938341475
0.007479995747375489
0.001720109534501362
-0.006823735790452623
0.09462287243117155
0.019720166851048986
-0.005628629241775191
0.0020469945843719106
0.8299523939230906
-0.0008772845789485244
0.38909898007732263
-0.8232853199465148
0.4384475898913814
-0.0033206395280862854
-0.02660412398720467
-0.010479061920912334
0.02042155961915339
0.0024875333150662874
0.018181933084151933
0.8087991482734544
-0.8256003144584085
-0.030549136701239297
0.03180526964944189
0.01558617397691807
-0.03070417180842413
0.046256799109579826
-0.0014437436868489123
-0.009704633342142697
0.1057741127959222
-0.006754849741757005
-0.8224907401236207
0.003549357808803611
-0.03404512027158971
-0.006800837403904284
0.8299523939230906
-0.24839374187069987
0.0077173787310853715
0.001597210184009231
-0.012462233166191558
0.0005217993695833854
-0.15497979943665208
0.025600794538191043
-0.00022782193213188837
-0.027918125366073555
-0.019156670673194903
0.0016869861344598917
0.005956775819284502
-0.038670552856734305
-0.009065404008343133
0.01715212815377216
-0.008763965298870267
-0.008991538245283977
0.01520082708041958
0.82112427330417
0.012161956390070184
-0.0872076627676657
-0.013128518948033015
-0.0001470559448696567
0.03660070968295769
-0.04998695374787565
-0.0014995662848641793
-0.044735280583896385
0.008164864163316883
0.010173307458991067
0.42440071931170414
0.007267486436911481
0.014105704896638059
-0.8221038578151935
0.05498442909264415
0.0647725556456155
0.4127085718009416
0.053205675121988164
-0.010556828460222926
0.002140754306313402
-0.004555260004128304
-0.0014995662848641793
0.027788988923341088
-0.67478494442951
-0.15220828933113126
-0.004985714919346606
0.0023402499632406955
0.02952248558995643
0.02068282863276038
0.0016377782570241913
-0.008091703859792564
-0.011362214263285892
-0.814940298017049
-0.0405147070760314
0.00021860448084497854
0.0005895766018807216
-0.01246845780914598
0.0016665610060454443
-0.012212615854242855
0.060816338574262926
0.0032033672548249527
-1.071514407008858
0.073344054984335
0.09462287243117155
