6.023	4.01	6.274	4.81
5.024	3.251	6.35	6.943
5.024	3.251	6.35	6.943
6.439	4.033	7.545	7.5
4.303	4.55	5.415	6.84
5.706	4.901	5.163	4.455
4.303	4.55	5.415	6.84
4.303	4.55	5.415	6.84
4.303	4.55	5.415	6.84
5.107	4.344	5.631	6.785
5.024	3.251	6.35	6.943
4.303	4.55	5.415	6.84
4.303	4.55	5.415	6.84
5.024	3.251	6.35	6.943
4.691	3.757	6.273	5.105
5.024	3.251	6.35	6.943
4.918	3.908	5.435	6.718
6.439	4.033	7.545	7.5
6.439	4.033	7.545	7.5
6.439	4.033	7.545	7.5
6.439	4.033	7.545	7.5
6.439	4.033	7.545	7.5
6.439	4.033	7.545	7.5
6.439	4.033	7.545	7.5
4.303	4.55	5.415	6.84
4.224	5.21	4.925	6.193
6.439	4.033	7.545	7.5
5.107	4.344	5.631	6.785
6.581	3.881	7.226	5.767
5.024	3.251	6.35	6.943
6.439	4.033	7.545	7.5
6.023	4.01	6.274	4.81
6.439	4.033	7.545	7.5
3.975	3.869	3.921	5.548
6.439	4.033	7.545	7.5
6.439	4.033	7.545	7.5
6.439	4.033	7.545	7.5
6.023	4.01	6.274	4.81
6.439	4.033	7.545	7.5
4.303	4.55	5.415	6.84
4.303	4.55	5.415	6.84
6.439	4.033	7.545	7.5
6.023	4.01	6.274	4.81
6.439	4.033	7.545	7.5
6.439	4.033	7.545	7.5
4.303	4.55	5.415	6.84
6.439	4.033	7.545	7.5
6.439	4.033	7.545	7.5
6.439	4.033	7.545	7.5
6.439	4.033	7.545	7.5
4.303	4.55	5.415	6.84
3.975	3.869	3.921	5.548
6.439	4.033	7.545	7.5
4.303	4.55	5.415	6.84
6.439	4.033	7.545	7.5
4.303	4.55	5.415	6.84
5.024	3.251	6.35	6.943
3.975	3.869	3.921	5.548
6.439	4.033	7.545	7.5
3.577	4.345	4.157	6.475
6.023	4.01	6.274	4.81
6.439	4.033	7.545	7.5
5.519	4.808	5.646	5.138
6.439	4.033	7.545	7.5
4.303	4.55	5.415	6.84
4.303	4.55	5.415	6.84
4.946	4.279	5.316	6.972
5.024	3.251	6.35	6.943
6.439	4.033	7.545	7.5
6.439	4.033	7.545	7.5
6.439	4.033	7.545	7.5
6.439	4.033	7.545	7.5
6.023	4.01	6.274	4.81
6.023	4.01	6.274	4.81
5.024	3.251	6.35	6.943
5.024	3.251	6.35	6.943
5.024	3.251	6.35	6.943
5.497	2.723	5.462	5.401
4.303	4.55	5.415	6.84
5.024	3.251	6.35	6.943
7.714	3.141	7.735	4.904
5.024	3.251	6.35	6.943
4.303	4.55	5.415	6.84
6.439	4.033	7.545	7.5
5.024	3.251	6.35	6.943
4.808	4.649	4.283	4.945
4.303	4.55	5.415	6.84
4.303	4.55	5.415	6.84
5.024	3.251	6.35	6.943
4.859	4.388	5.004	4.83
4.303	4.55	5.415	6.84
2.67	4.117	3.326	5.406
5.024	3.251	6.35	6.943
5.107	4.344	5.631	6.785
5.024	3.251	6.35	6.943
6.439	4.033	7.545	7.5
3.975	3.869	3.921	5.548
6.439	4.033	7.545	7.5
6.439	4.033	7.545	7.5
4.303	4.55	5.415	6.84
6.439	4.033	7.545	7.5
6.217	5.753	6.591	3.899
5.024	3.251	6.35	6.943
6.439	4.033	7.545	7.5
5.024	3.251	6.35	6.943
6.439	4.033	7.545	7.5
4.303	4.55	5.415	6.84
5.024	3.251	6.35	6.943
5.024	3.251	6.35	6.943
5.024	3.251	6.35	6.943
4.303	4.55	5.415	6.84
4.303	4.55	5.415	6.84
4.95	3.964	6.199	7.059
6.023	4.01	6.274	4.81
3.975	3.869	3.921	5.548
5.107	4.344	5.631	6.785
6.439	4.033	7.545	7.5
6.439	4.033	7.545	7.5
6.439	4.033	7.545	7.5
6.439	4.033	7.545	7.5
6.439	4.033	7.545	7.5
6.439	4.033	7.545	7.5
6.439	4.033	7.545	7.5
4.303	4.55	5.415	6.84
6.439	4.033	7.545	7.5
4.303	4.55	5.415	6.84
6.439	4.033	7.545	7.5
6.439	4.033	7.545	7.5
6.023	4.01	6.274	4.81
6.439	4.033	7.545	7.5
4.325	4.289	5.596	6.117
5.107	4.344	5.631	6.785
5.024	3.251	6.35	6.943
6.439	4.033	7.545	7.5
6.439	4.033	7.545	7.5
6.439	4.033	7.545	7.5
4.303	4.55	5.415	6.84
4.303	4.55	5.415	6.84
4.303	4.55	5.415	6.84
6.472	2.394	6.781	5.465
6.563	6.45	6.668	3.949
6.439	4.033	7.545	7.5
4.69	4.509	5.642	4.573
6.381	5.418	7.851	6.997
5.024	3.251	6.35	6.943
6.439	4.033	7.545	7.5
6.439	4.033	7.545	7.5
5.107	4.344	5.631	6.785
4.303	4.55	5.415	6.84
4.303	4.55	5.415	6.84
6.439	4.033	7.545	7.5
6.432	3.889	6.734	5.924
6.023	4.01	6.274	4.81
5.024	3.251	6.35	6.943
6.439	4.033	7.545	7.5
5.107	4.344	5.631	6.785
6.439	4.033	7.545	7.5
3.172	4.765	3.447	2.36
6.439	4.033	7.545	7.5
6.439	4.033	7.545	7.5
6.439	4.033	7.545	7.5
6.439	4.033	7.545	7.5
5.107	4.344	5.631	6.785
5.107	4.344	5.631	6.785
5.107	4.344	5.631	6.785
3.873	4.608	3.972	4.394
5.107	4.344	5.631	6.785
5.107	4.344	5.631	6.785
6.439	4.033	7.545	7.5
5.024	3.251	6.35	6.943
6.862	4.396	6.709	5.09
6.439	4.033	7.545	7.5
6.023	4.01	6.274	4.81
6.439	4.033	7.545	7.5
6.023	4.01	6.274	4.81
5.024	3.251	6.35	6.943
5.024	3.251	6.35	6.943
6.439	4.033	7.545	7.5
5.024	3.251	6.35	6.943
6.439	4.033	7.545	7.5
6.439	4.033	7.545	7.5
4.303	4.55	5.415	6.84
4.303	4.55	5.415	6.84
6.439	4.033	7.545	7.5
6.439	4.033	7.545	7.5
5.024	3.251	6.35	6.943
5.024	3.251	6.35	6.943
4.303	4.55	5.415	6.84
5.107	4.344	5.631	6.785
4.303	4.55	5.415	6.84
4.946	4.279	5.316	6.972
7.248	4.47	7.587	6.872
4.946	4.279	5.316	6.972
4.946	4.279	5.316	6.972
5.107	4.344	5.631	6.785
4.946	4.279	5.316	6.972
3.184	4.839	4.518	5.553
5.107	4.344	5.631	6.785
5.107	4.344	5.631	6.785
5.024	3.251	6.35	6.943
6.439	4.033	7.545	7.5
3.44	8.977	4.243	1.753
5.191	7.461	6.682	3.016
5.542	2.42	5.166	5.158
4.0	7.431	5.251	4.193
3.526	4.631	4.376	6.798
5.913	4.515	5.348	4.233
2.785	9.412	5.346	2.735
6.986	1.544	6.201	5.904
6.299	3.727	4.983	3.973
6.463	6.475	7.127	4.574
6.463	6.475	7.127	4.574
4.08	8.357	4.355	2.348
3.632	4.679	5.496	6.022
3.409	4.061	2.732	5.358
5.575	3.217	5.476	4.904
6.052	3.782	5.457	3.894
3.566	4.459	4.333	4.243
3.571	4.909	4.268	4.534
4.525	2.452	4.397	4.902
4.453	4.109	6.074	5.133
4.911	4.375	4.532	4.827
3.438	4.397	3.358	5.268
5.913	4.515	5.348	4.233
5.086	5.659	5.252	3.37
6.94	3.159	8.245	7.709
7.398	1.939	7.1	5.646
6.542	6.217	5.638	3.518
4.867	5.784	5.305	3.09
7.167	3.205	6.604	5.06
1.996	7.114	3.509	1.926
4.403	5.332	4.734	5.361
5.078	5.296	5.2	4.865
4.375	6.992	5.198	1.432
3.747	5.417	3.647	3.164
4.018	3.51	3.379	4.753
4.593	4.536	5.57	6.193
6.299	3.727	4.983	3.973
6.986	1.544	6.201	5.904
6.463	6.475	7.127	4.574
4.919	5.298	5.501	3.983
5.191	7.461	6.682	3.016
4.919	5.298	5.501	3.983
4.919	5.298	5.501	3.983
4.919	5.298	5.501	3.983
3.178	5.064	3.464	3.811
4.996	4.912	5.286	4.695
4.899	6.352	5.849	3.918
6.299	3.727	4.983	3.973
4.311	6.231	5.037	3.39
4.03	4.88	4.781	3.239
4.03	4.88	4.781	3.239
4.646	5.454	5.324	4.159
2.406	6.611	4.104	7.503
3.478	6.658	5.257	4.678
3.916	6.075	4.84	3.273
5.068	4.147	4.396	5.615
5.247	2.808	4.106	5.118
6.002	2.869	5.68	4.89
6.284	3.517	4.972	5.23
4.867	5.784	5.305	3.09
5.935	3.641	6.442	5.602
5.521	4.167	6.112	5.994
5.837	4.923	6.702	5.257
6.463	6.475	7.127	4.574
6.284	3.517	4.972	5.23
4.899	6.352	5.849	3.918
2.935	5.127	3.845	6.611
4.48	3.413	4.737	3.873
4.884	4.88	5.478	3.316
4.899	6.352	5.849	3.918
6.284	3.517	4.972	5.23
4.785	5.13	6.389	3.717
6.284	3.517	4.972	5.23
5.547	5.034	5.967	4.279
3.714	4.933	3.865	4.65
4.899	6.352	5.849	3.918
6.308	3.233	5.886	6.508
4.899	6.352	5.849	3.918
4.677	5.477	5.24	3.913
6.284	3.517	4.972	5.23
4.008	6.01	5.104	2.923
6.299	3.727	4.983	3.973
2.989	5.197	4.016	6.235
4.395	6.108	4.8	5.499
4.555	6.254	4.293	5.186
5.522	6.335	5.474	4.949
4.899	6.352	5.849	3.918
6.463	6.475	7.127	4.574
4.507	4.594	5.742	4.802
4.867	5.784	5.305	3.09
4.899	6.352	5.849	3.918
5.88	4.071	6.392	5.78
7.45	4.291	6.763	5.519
3.831	6.84	4.738	3.683
3.632	5.154	4.157	5.243
7.304	3.946	7.589	6.889
6.059	3.367	5.959	4.319
2.744	8.327	4.744	2.33
6.463	6.475	7.127	4.574
6.463	6.475	7.127	4.574
5.913	4.515	5.348	4.233
6.463	6.475	7.127	4.574
4.368	4.738	3.979	2.927
3.831	6.84	4.738	3.683
3.831	6.84	4.738	3.683
5.913	4.515	5.348	4.233
3.393	4.827	4.213	4.928
6.299	3.727	4.983	3.973
4.665	4.084	5.334	5.535
6.299	3.727	4.983	3.973
5.505	7.066	6.249	1.575
3.452	5.273	4.088	6.876
4.899	6.352	5.849	3.918
6.299	3.727	4.983	3.973
4.457	3.852	5.013	6.252
6.299	3.727	4.983	3.973
3.552	4.383	5.027	3.211
5.542	2.42	5.166	5.158
4.899	6.352	5.849	3.918
7.63	2.074	6.465	4.664
5.353	4.682	5.341	4.935
4.899	6.352	5.849	3.918
6.463	6.475	7.127	4.574
4.899	6.352	5.849	3.918
6.308	3.233	5.886	6.508
3.914	6.108	5.46	3.14
4.63	5.578	4.76	3.223
4.804	7.745	5.026	2.48
4.566	8.791	6.81	5.489
4.137	5.126	5.355	5.252
4.977	7.212	6.609	6.263
4.677	5.477	5.24	3.913
4.456	4.215	3.831	5.384
4.773	6.678	5.733	3.922
6.299	3.727	4.983	3.973
4.919	5.298	5.501	3.983
3.585	4.84	3.43	5.252
5.247	2.808	4.106	5.118
5.247	2.808	4.106	5.118
4.899	6.352	5.849	3.918
3.173	4.395	4.098	5.821
4.623	3.075	5.053	5.015
4.137	5.126	5.355	5.252
4.339	6.137	4.757	4.877
3.589	4.966	3.991	3.558
5.659	3.817	5.056	6.634
6.57	2.485	6.016	4.249
4.077	5.243	4.794	3.371
4.677	5.477	5.24	3.913
5.138	5.147	4.793	4.506
3.556	4.545	5.133	5.611
5.138	5.147	4.793	4.506
6.463	6.475	7.127	4.574
5.218	2.225	5.24	5.329
5.191	7.461	6.682	3.016
5.138	5.147	4.793	4.506
4.716	4.394	4.393	4.283
5.717	3.015	4.943	5.082
3.413	3.526	3.61	5.988
3.353	5.39	4.996	7.26
4.646	5.454	5.324	4.159
4.627	4.55	5.341	5.289
3.831	6.84	4.738	3.683
4.677	5.477	5.24	3.913
4.469	4.082	3.466	5.18
6.411	2.926	5.388	5.546
3.081	4.667	3.983	5.648
3.596	3.614	3.583	4.458
4.677	5.477	5.24	3.913
5.191	7.461	6.682	3.016
4.157	3.012	3.263	5.034
6.308	3.233	5.886	6.508
7.079	5.326	5.241	4.003
3.733	4.28	3.847	5.484
5.913	4.515	5.348	4.233
6.463	6.475	7.127	4.574
4.677	5.477	5.24	3.913
4.677	5.477	5.24	3.913
4.426	5.562	5.144	4.725
4.677	5.477	5.24	3.913
4.899	6.352	5.849	3.918
4.677	5.477	5.24	3.913
6.308	3.233	5.886	6.508
5.867	2.594	5.545	4.637
3.953	5.289	4.01	5.519
4.049	5.483	5.925	6.692
3.323	4.815	4.183	4.68
4.03	4.88	4.781	3.239
4.867	5.784	5.305	3.09
5.837	4.923	6.702	5.257
2.612	5.678	3.704	4.605
4.331	3.909	5.226	5.792
3.097	5.509	4.573	4.899
4.982	4.904	5.524	4.482
6.299	3.727	4.983	3.973
3.651	3.726	3.172	4.258
6.463	6.475	7.127	4.574
3.527	6.303	4.842	3.701
4.739	4.319	5.503	7.331
3.007	5.831	4.846	5.781
4.899	6.352	5.849	3.918
5.292	7.663	5.487	2.028
5.292	7.663	5.487	2.028
5.292	7.663	5.487	2.028
5.292	7.663	5.487	2.028
5.292	7.663	5.487	2.028
5.282	7.092	5.805	2.494
5.037	8.57	5.938	1.857
5.105	4.301	5.724	4.943
5.47	6.439	5.302	3.658
5.037	8.57	5.938	1.857
5.302	7.548	6.03	1.915
4.339	6.137	4.757	4.877
5.47	6.439	5.302	3.658
5.037	8.57	5.938	1.857
4.893	5.961	4.964	4.398
4.893	5.961	4.964	4.398
6.123	7.518	6.765	1.908
6.667	1.761	6.521	4.46
6.219	5.981	5.732	2.327
3.421	5.024	3.528	3.869
3.602	3.798	4.0	4.368
5.844	6.81	5.442	2.578
5.712	7.645	6.579	2.029
4.643	3.481	5.5	6.246
4.09	6.801	3.962	1.409
6.123	7.518	6.765	1.908
4.115	8.22	5.144	2.102
6.123	7.518	6.765	1.908
3.987	8.761	5.693	3.008
5.282	7.092	5.805	2.494
4.042	7.37	4.487	1.956
6.05	6.383	5.78	2.918
5.12	8.212	6.448	2.389
3.81	4.82	4.24	1.186
5.562	6.187	5.703	3.121
4.03	4.88	4.781	3.239
5.108	5.198	5.793	6.704
3.916	6.075	4.84	3.273
4.893	5.961	4.964	4.398
5.423	8.496	6.677	1.64
5.13	3.631	4.941	4.258
5.292	7.663	5.487	2.028
7.415	4.756	7.336	4.086
5.467	4.185	6.078	7.551
3.972	5.972	4.452	3.056
3.803	4.755	4.34	2.386
5.707	7.773	6.755	6.613
7.177	4.321	7.601	3.396
6.542	6.217	5.638	3.518
3.916	6.075	4.84	3.273
4.115	8.22	5.144	2.102
5.422	5.291	4.977	4.169
5.226	5.466	5.327	4.273
4.09	6.801	3.962	1.409
6.123	7.518	6.765	1.908
4.67	5.505	4.777	3.821
6.528	5.393	7.279	4.013
5.324	5.809	5.911	3.071
5.684	6.506	5.739	2.556
7.415	4.756	7.336	4.086
5.12	8.212	6.448	2.389
7.478	4.427	8.115	3.97
4.115	8.22	5.144	2.102
6.528	5.393	7.279	4.013
5.684	6.923	6.448	3.272
5.12	8.212	6.448	2.389
5.395	1.894	4.491	4.942
5.528	4.961	5.473	5.143
7.177	4.321	7.601	3.396
4.115	8.22	5.144	2.102
5.47	6.439	5.302	3.658
5.12	8.212	6.448	2.389
5.889	3.901	5.791	5.11
5.292	7.663	5.487	2.028
5.12	8.212	6.448	2.389
6.528	5.393	7.279	4.013
5.12	8.212	6.448	2.389
5.422	5.291	4.977	4.169
3.469	6.781	4.472	3.2
5.684	6.506	5.739	2.556
5.684	6.506	5.739	2.556
4.916	3.854	6.323	4.21
3.975	3.869	3.921	5.548
5.422	5.291	4.977	4.169
5.12	8.212	6.448	2.389
7.478	4.427	8.115	3.97
6.219	5.981	5.732	2.327
6.754	4.582	6.276	3.759
7.495	3.501	7.858	5.039
6.123	7.518	6.765	1.908
5.422	5.291	4.977	4.169
5.292	7.663	5.487	2.028
4.838	4.668	6.158	5.254
7.478	4.427	8.115	3.97
7.187	5.488	6.863	2.301
4.115	8.22	5.144	2.102
7.187	5.488	6.863	2.301
5.006	6.816	5.785	2.437
6.754	4.582	6.276	3.759
5.292	7.663	5.487	2.028
5.12	8.212	6.448	2.389
5.573	6.888	5.31	3.003
5.108	5.198	5.793	6.704
7.177	4.321	7.601	3.396
5.47	6.439	5.302	3.658
4.27	4.273	4.085	5.263
4.115	8.22	5.144	2.102
5.712	7.645	6.579	2.029
5.684	6.506	5.739	2.556
7.177	4.321	7.601	3.396
5.006	6.816	5.785	2.437
7.478	4.427	8.115	3.97
1.996	7.114	3.509	1.926
5.767	3.237	6.588	3.587
6.219	5.981	5.732	2.327
4.893	5.961	4.964	4.398
6.754	4.582	6.276	3.759
6.754	4.582	6.276	3.759
3.341	5.245	4.453	3.938
2.31	6.276	2.342	7.018
4.115	8.22	5.144	2.102
4.155	5.042	5.143	5.133
5.333	3.81	5.102	4.39
4.115	8.22	5.144	2.102
4.029	4.384	3.799	4.768
6.542	6.217	5.638	3.518
4.147	5.691	4.904	2.968
5.47	6.439	5.302	3.658
5.294	5.223	6.13	5.526
7.177	4.321	7.601	3.396
6.284	3.517	4.972	5.23
6.754	4.582	6.276	3.759
7.177	4.321	7.601	3.396
7.177	4.321	7.601	3.396
5.108	5.198	5.793	6.704
7.177	4.321	7.601	3.396
6.123	7.518	6.765	1.908
6.754	4.582	6.276	3.759
3.81	4.82	4.24	1.186
5.12	8.212	6.448	2.389
6.754	4.582	6.276	3.759
3.688	6.166	3.901	3.151
6.754	4.582	6.276	3.759
6.754	4.582	6.276	3.759
6.088	4.459	6.322	3.281
6.088	4.459	6.322	3.281
5.712	7.645	6.579	2.029
3.353	5.39	4.996	7.26
2.71	6.327	2.965	4.317
5.247	2.808	4.106	5.118
5.282	7.092	5.805	2.494
5.12	8.212	6.448	2.389
4.469	4.082	3.466	5.18
7.718	4.401	8.235	6.377
6.669	6.018	6.727	2.486
7.478	4.427	8.115	3.97
6.754	4.582	6.276	3.759
5.684	6.506	5.739	2.556
5.712	7.645	6.579	2.029
5.422	5.291	4.977	4.169
5.12	8.212	6.448	2.389
6.088	4.459	6.322	3.281
5.684	6.506	5.739	2.556
5.684	6.923	6.448	3.272
7.415	4.756	7.336	4.086
6.088	4.459	6.322	3.281
4.126	4.365	4.358	5.701
7.415	4.756	7.336	4.086
5.81	6.158	5.742	1.615
4.115	8.22	5.144	2.102
4.115	8.22	5.144	2.102
4.115	8.22	5.144	2.102
7.415	4.756	7.336	4.086
7.187	5.488	6.863	2.301
6.088	4.459	6.322	3.281
5.814	5.587	6.421	2.503
5.324	5.809	5.911	3.071
3.635	6.755	4.137	6.354
4.679	8.114	5.929	2.512
5.282	7.092	5.805	2.494
5.47	6.439	5.302	3.658
6.528	5.393	7.279	4.013
3.589	7.4	4.347	2.783
5.629	3.858	5.278	5.008
6.528	5.393	7.279	4.013
4.834	8.356	5.811	1.392
2.774	5.014	3.233	2.712
4.144	6.486	4.453	5.433
5.292	7.663	5.487	2.028
3.213	5.53	4.861	5.165
5.505	7.066	6.249	1.575
7.177	4.321	7.601	3.396
5.684	6.506	5.739	2.556
5.684	6.506	5.739	2.556
5.12	8.212	6.448	2.389
4.115	8.22	5.144	2.102
5.006	6.816	5.785	2.437
5.292	7.663	5.487	2.028
4.206	8.063	4.726	3.166
6.489	2.572	5.254	4.204
6.123	7.518	6.765	1.908
5.32	4.347	6.427	7.866
5.014	5.544	5.299	5.118
6.29	5.552	7.047	6.751
3.734	5.558	3.607	6.233
4.296	3.405	4.024	6.081
3.612	2.911	3.592	6.017
3.711	4.276	2.854	3.967
2.749	4.308	2.682	4.942
3.787	5.633	5.012	6.722
4.379	6.414	6.095	6.349
4.694	4.139	5.649	4.536
5.48	3.858	6.264	4.866
7.13	3.032	7.375	6.259
5.099	2.809	5.256	6.618
6.569	2.72	5.6	4.549
5.775	3.617	5.816	5.216
5.47	3.869	5.3	4.598
4.181	4.145	3.954	4.456
4.296	3.405	4.024	6.081
5.099	2.809	5.256	6.618
5.099	2.809	5.256	6.618
6.997	1.997	6.546	4.814
4.694	4.139	5.649	4.536
5.519	3.247	5.994	5.319
3.324	5.797	4.591	5.927
4.694	4.139	5.649	4.536
6.787	3.527	5.546	5.544
5.825	2.927	5.411	6.671
3.146	3.616	2.67	6.04
3.56	4.14	3.807	5.584
3.375	4.175	3.627	5.566
4.226	4.091	4.217	4.465
4.778	5.965	5.201	4.926
6.351	3.781	4.03	4.105
5.405	2.388	4.554	4.909
7.13	3.032	7.375	6.259
2.046	4.512	2.797	7.335
4.065	4.343	4.624	5.255
3.31	3.814	4.04	5.855
3.275	5.061	5.354	7.1
5.825	2.927	5.411	6.671
4.694	4.139	5.649	4.536
6.023	4.01	6.274	4.81
5.441	3.319	5.501	6.8
4.694	4.139	5.649	4.536
5.648	3.173	5.819	5.614
2.724	5.316	3.295	2.892
3.052	4.515	3.185	3.956
3.542	5.126	4.555	6.75
3.052	4.515	3.185	3.956
4.694	4.139	5.649	4.536
4.694	4.139	5.649	4.536
3.052	4.515	3.185	3.956
6.066	1.929	5.654	5.325
5.177	3.149	4.555	4.903
3.052	4.515	3.185	3.956
3.052	4.515	3.185	3.956
7.055	3.434	7.022	4.913
6.934	3.367	6.397	5.295
7.055	3.434	7.022	4.913
6.934	3.367	6.397	5.295
3.571	2.891	4.08	6.254
6.737	4.619	7.608	5.615
6.554	4.177	6.453	4.46
3.275	5.061	5.354	7.1
4.226	4.091	4.217	4.465
7.34	3.393	7.37	5.269
3.275	5.061	5.354	7.1
5.373	1.809	5.651	5.651
4.525	3.175	5.419	5.775
3.705	6.138	3.862	5.049
7.703	3.74	7.408	4.956
3.705	6.138	3.862	5.049
2.778	6.061	4.025	5.387
4.802	4.901	4.593	6.873
7.173	4.118	7.922	4.489
4.694	4.139	5.649	4.536
3.632	5.154	4.157	5.243
7.398	1.939	7.1	5.646
7.398	1.939	7.1	5.646
3.705	6.138	3.862	5.049
5.637	6.406	7.569	5.294
3.705	6.138	3.862	5.049
4.694	4.139	5.649	4.536
3.662	6.287	4.804	5.775
6.336	2.567	6.313	5.405
4.694	4.139	5.649	4.536
4.694	4.139	5.649	4.536
7.055	3.434	7.022	4.913
5.276	4.97	6.021	6.967
7.055	3.434	7.022	4.913
7.055	3.434	7.022	4.913
7.055	3.434	7.022	4.913
7.055	3.434	7.022	4.913
7.055	3.434	7.022	4.913
2.851	6.32	3.466	6.079
3.625	5.066	4.499	6.795
4.694	4.139	5.649	4.536
7.055	3.434	7.022	4.913
7.055	3.434	7.022	4.913
5.88	4.071	6.392	5.78
4.694	4.139	5.649	4.536
6.137	2.048	4.426	4.643
7.363	4.738	8.162	6.562
4.778	5.965	5.201	4.926
3.045	5.09	2.921	5.038
5.099	2.809	5.256	6.618
7.055	3.434	7.022	4.913
3.466	3.925	2.706	5.924
4.226	4.091	4.217	4.465
3.606	5.068	3.445	4.745
7.055	3.434	7.022	4.913
6.382	4.548	6.077	6.696
4.547	4.715	5.09	4.561
5.889	4.227	7.111	4.387
5.889	4.227	7.111	4.387
4.778	5.965	5.201	4.926
4.547	4.715	5.09	4.561
4.972	3.171	5.374	4.068
4.547	4.715	5.09	4.561
4.778	5.965	5.201	4.926
3.281	4.005	3.341	5.469
3.085	5.713	4.424	5.618
6.2	3.318	5.343	5.146
5.47	3.869	5.3	4.598
7.52	3.531	7.054	6.203
4.403	5.332	4.734	5.361
5.552	2.401	6.744	4.971
3.542	5.126	4.555	6.75
4.39	5.705	5.269	6.062
3.173	4.395	4.098	5.821
2.8	4.206	2.922	5.395
4.694	4.139	5.649	4.536
3.705	6.138	3.862	5.049
3.705	6.138	3.862	5.049
3.705	6.138	3.862	5.049
4.694	4.139	5.649	4.536
4.694	4.139	5.649	4.536
3.705	6.138	3.862	5.049
6.402	3.142	6.589	6.703
4.18	3.407	4.056	6.135
4.694	4.139	5.649	4.536
5.218	2.225	5.24	5.329
6.505	4.505	5.824	5.564
5.777	2.879	6.048	5.938
3.275	5.061	5.354	7.1
4.694	4.139	5.649	4.536
4.547	4.715	5.09	4.561
5.266	4.697	5.084	5.8
7.229	3.705	5.932	5.592
4.694	4.139	5.649	4.536
4.646	5.454	5.324	4.159
5.75	3.394	6.081	5.437
4.16	4.638	4.289	5.251
6.056	3.855	6.245	5.037
7.624	3.11	7.069	5.43
5.898	4.269	4.669	4.621
6.034	2.525	5.668	3.822
6.126	2.825	4.984	5.03
3.705	6.138	3.862	5.049
4.021	5.117	4.751	4.626
3.371	4.751	4.227	5.659
5.482	4.577	6.319	4.307
4.64	5.133	5.309	6.023
4.694	4.139	5.649	4.536
7.347	3.83	6.99	5.048
4.969	2.773	3.4	3.694
7.608	2.178	7.234	5.979
6.213	2.804	5.789	4.477
6.661	4.703	6.151	5.891
3.371	4.751	4.227	5.659
3.371	4.751	4.227	5.659
3.085	5.713	4.424	5.618
4.694	4.139	5.649	4.536
3.749	5.236	4.218	4.993
7.058	2.107	7.657	5.676
7.573	3.629	6.703	5.447
3.749	5.236	4.218	4.993
3.749	5.236	4.218	4.993
5.47	3.869	5.3	4.598
4.547	4.715	5.09	4.561
4.862	6.024	5.737	5.873
7.055	3.434	7.022	4.913
5.98	4.537	6.344	5.227
2.867	5.245	2.609	4.178
6.253	2.225	5.577	4.968
6.273	3.835	6.437	5.985
3.705	6.138	3.862	5.049
2.778	6.061	4.025	5.387
2.778	6.061	4.025	5.387
3.097	5.509	4.573	4.899
4.694	4.139	5.649	4.536
2.851	6.32	3.466	6.079
3.052	4.515	3.185	3.956
2.727	4.38	2.873	5.934
3.085	5.713	4.424	5.618
4.694	4.139	5.649	4.536
4.694	4.139	5.649	4.536
3.05	4.789	3.765	5.432
7.63	2.074	6.465	4.664
6.714	3.416	5.856	4.094
5.284	3.838	6.779	6.394
5.353	4.682	5.341	4.935
6.88	3.554	7.529	4.944
3.155	6.573	4.629	2.239
5.723	3.72	5.495	5.193
2.142	5.838	3.885	6.147
4.623	4.342	5.173	4.369
3.711	4.276	2.854	3.967
5.131	4.379	5.308	4.44
6.326	6.658	6.115	2.918
4.919	5.298	5.501	3.983
4.106	7.643	6.126	2.922
2.224	5.141	2.476	4.22
5.234	3.812	5.314	4.792
3.711	4.276	2.854	3.967
4.827	2.611	5.725	6.29
2.991	5.706	4.217	4.892
4.437	6.469	5.615	3.108
3.142	3.356	3.923	5.364
3.928	4.558	5.25	6.463
4.467	3.143	4.624	4.775
2.604	8.227	4.544	2.104
4.929	3.285	5.225	6.422
6.139	6.223	5.946	4.44
4.139	2.666	4.119	4.007
4.139	2.666	4.119	4.007
6.072	4.434	5.727	6.249
5.921	3.803	5.256	6.19
3.481	5.109	4.705	4.402
3.531	5.199	4.48	4.316
3.481	5.109	4.705	4.402
5.041	3.116	4.866	5.034
4.139	2.666	4.119	4.007
3.534	5.06	3.837	5.604
4.139	2.666	4.119	4.007
7.404	3.512	6.815	4.998
4.716	4.501	5.641	5.736
5.041	3.116	4.866	5.034
4.117	6.306	6.307	7.448
4.117	6.306	6.307	7.448
6.638	6.952	7.306	4.708
5.145	3.766	4.609	5.673
5.162	8.091	6.231	2.834
6.447	5.096	7.528	6.215
1.965	6.487	4.438	8.283
2.095	8.09	4.163	3.016
4.93	4.391	5.583	5.115
7.024	3.08	8.055	7.133
4.139	2.666	4.119	4.007
5.43	5.266	5.608	4.855
2.475	4.838	3.604	6.043
5.135	6.365	5.798	4.218
3.781	4.397	4.072	3.222
4.583	2.876	4.822	5.112
3.23	4.07	3.896	6.61
5.131	4.379	5.308	4.44
4.467	3.143	4.624	4.775
5.149	3.71	5.968	4.697
3.637	4.968	4.943	6.534
3.814	5.102	4.184	4.856
6.327	3.621	6.862	3.512
4.674	4.65	6.18	6.941
3.448	4.925	3.889	6.351
4.623	4.342	5.173	4.369
2.561	5.534	3.77	6.196
2.623	7.267	5.493	2.858
4.623	4.342	5.173	4.369
3.139	5.273	4.472	5.625
5.053	3.631	5.325	3.887
5.053	3.631	5.325	3.887
5.053	3.631	5.325	3.887
5.053	3.631	5.325	3.887
5.053	3.631	5.325	3.887
5.767	3.237	6.588	3.587
5.053	3.631	5.325	3.887
4.952	4.522	4.745	5.08
5.053	3.631	5.325	3.887
5.234	3.812	5.314	4.792
5.234	3.812	5.314	4.792
3.342	5.221	4.117	5.169
7.64	2.644	7.951	5.712
4.623	4.342	5.173	4.369
3.342	5.221	4.117	5.169
3.342	5.221	4.117	5.169
5.234	3.812	5.314	4.792
5.234	3.812	5.314	4.792
5.234	3.812	5.314	4.792
4.64	5.133	5.309	6.023
5.932	3.294	5.722	4.087
5.569	4.585	5.297	4.83
5.556	4.91	6.45	5.62
5.234	3.812	5.314	4.792
3.342	5.221	4.117	5.169
3.342	5.221	4.117	5.169
3.912	8.188	5.905	1.827
3.481	5.109	4.705	4.402
4.139	2.666	4.119	4.007
4.139	2.666	4.119	4.007
6.747	3.23	8.053	6.513
2.863	3.863	4.071	5.925
4.679	4.469	5.2	6.921
6.351	3.781	4.03	4.105
3.711	4.276	2.854	3.967
5.234	3.812	5.314	4.792
5.353	4.682	5.341	4.935
3.442	6.66	4.682	2.806
4.446	3.861	4.86	4.549
6.599	4.103	6.713	4.644
5.756	4.589	5.67	4.877
2.798	5.173	3.662	3.453
3.358	4.813	4.572	4.747
4.443	4.142	5.959	4.454
2.991	5.706	4.217	4.892
4.007	8.961	5.575	1.263
3.711	4.276	2.854	3.967
7.075	4.949	7.763	5.852
5.145	3.766	4.609	5.673
5.73	5.649	6.676	7.388
4.525	3.175	5.419	5.775
4.804	7.745	5.026	2.48
5.234	3.812	5.314	4.792
6.114	3.145	5.936	4.51
5.053	3.631	5.325	3.887
6.445	3.097	6.659	5.432
4.443	4.142	5.959	4.454
6.016	4.364	6.741	4.05
6.42	4.394	7.414	4.482
4.139	2.666	4.119	4.007
3.267	5.32	3.396	4.341
4.139	2.666	4.119	4.007
5.234	3.812	5.314	4.792
5.353	4.682	5.341	4.935
3.481	5.109	4.705	4.402
3.481	5.109	4.705	4.402
2.739	7.151	4.071	3.184
2.739	7.151	4.071	3.184
5.313	3.431	4.757	6.01
6.275	3.842	6.189	4.36
4.325	4.289	5.596	6.117
4.325	4.289	5.596	6.117
4.575	4.059	6.074	5.065
4.325	4.289	5.596	6.117
3.961	6.753	4.827	1.389
4.325	4.289	5.596	6.117
4.325	4.289	5.596	6.117
2.573	8.375	4.269	2.547
6.505	4.505	5.824	5.564
4.325	4.289	5.596	6.117
3.041	5.227	4.546	6.472
6.384	4.093	6.092	5.003
3.694	5.729	5.379	6.67
1.863	6.091	3.434	6.109
5.547	5.52	4.91	4.353
5.131	4.379	5.308	4.44
3.073	6.831	4.517	5.072
3.073	6.831	4.517	5.072
5.121	4.313	4.773	3.736
3.073	6.831	4.517	5.072
6.745	2.013	6.308	5.566
6.508	2.219	6.368	4.115
5.041	3.116	4.866	5.034
4.648	4.162	5.241	6.043
4.648	4.162	5.241	6.043
6.472	2.394	6.781	5.465
6.472	2.394	6.781	5.465
2.535	7.125	4.989	4.019
4.139	2.666	4.119	4.007
5.406	3.55	5.421	5.89
3.823	3.687	3.915	5.654
4.909	4.586	4.872	5.282
3.531	5.199	4.48	4.316
4.139	2.666	4.119	4.007
5.053	3.631	5.325	3.887
4.08	4.283	4.029	4.822
6.3	5.845	6.948	5.337
4.677	5.477	5.24	3.913
3.342	5.221	4.117	5.169
2.298	3.67	2.726	7.285
5.777	2.879	6.048	5.938
6.87	3.955	6.634	5.293
3.635	6.755	4.137	6.354
3.864	4.078	4.511	5.431
3.342	5.221	4.117	5.169
3.481	5.109	4.705	4.402
2.844	7.154	3.824	1.857
1.718	6.337	4.775	6.973
5.316	3.616	5.078	5.103
3.531	5.199	4.48	4.316
4.53	4.234	4.924	4.694
1.925	7.027	3.745	2.322
5.053	3.631	5.325	3.887
4.213	5.324	5.217	3.961
4.139	2.666	4.119	4.007
3.342	5.221	4.117	5.169
4.583	2.876	4.822	5.112
5.131	4.379	5.308	4.44
4.739	4.319	5.503	7.331
4.139	2.666	4.119	4.007
4.139	2.666	4.119	4.007
4.139	2.666	4.119	4.007
4.139	2.666	4.119	4.007
4.344	3.758	4.79	4.241
4.55	5.475	5.593	4.468
4.357	4.549	5.699	5.382
4.344	3.758	4.79	4.241
5.528	4.219	5.422	5.561
4.176	8.699	5.985	1.522
2.498	4.456	2.645	4.0
4.55	5.475	5.593	4.468
4.344	3.758	4.79	4.241
4.55	5.475	5.593	4.468
4.344	3.758	4.79	4.241
4.64	5.133	5.309	6.023
3.592	4.512	3.567	3.15
4.357	4.549	5.699	5.382
4.344	3.758	4.79	4.241
4.864	5.589	5.5	3.714
3.72	3.018	4.346	4.914
4.357	4.549	5.699	5.382
2.713	4.602	3.118	4.585
3.592	4.512	3.567	3.15
2.713	4.602	3.118	4.585
3.388	2.84	3.697	5.601
4.344	3.758	4.79	4.241
4.55	5.475	5.593	4.468
4.344	3.758	4.79	4.241
4.55	5.475	5.593	4.468
4.55	5.475	5.593	4.468
4.357	4.549	5.699	5.382
4.357	4.549	5.699	5.382
4.55	5.475	5.593	4.468
4.357	4.549	5.699	5.382
4.55	5.475	5.593	4.468
5.431	6.11	5.743	3.778
4.55	5.475	5.593	4.468
2.873	4.165	4.922	5.028
4.241	3.742	3.81	5.003
4.55	5.475	5.593	4.468
4.357	4.549	5.699	5.382
3.592	4.512	3.567	3.15
4.55	5.475	5.593	4.468
2.235	4.499	2.942	6.18
3.72	3.018	4.346	4.914
4.55	5.475	5.593	4.468
3.592	4.512	3.567	3.15
4.344	3.758	4.79	4.241
3.592	4.512	3.567	3.15
4.648	4.162	5.241	6.043
5.431	6.11	5.743	3.778
4.64	5.133	5.309	6.023
4.648	4.162	5.241	6.043
4.64	5.133	5.309	6.023
5.707	7.773	6.755	6.613
4.357	4.549	5.699	5.382
4.55	5.475	5.593	4.468
4.55	5.475	5.593	4.468
7.71	5.645	7.627	4.921
4.55	5.475	5.593	4.468
4.864	5.589	5.5	3.714
4.357	4.549	5.699	5.382
3.679	4.801	3.601	5.952
4.55	5.475	5.593	4.468
4.55	5.475	5.593	4.468
4.648	4.162	5.241	6.043
4.357	4.549	5.699	5.382
3.492	4.37	3.149	6.397
4.357	4.549	5.699	5.382
4.357	4.549	5.699	5.382
4.357	4.549	5.699	5.382
4.357	4.549	5.699	5.382
4.357	4.549	5.699	5.382
5.149	3.71	5.968	4.697
4.357	4.549	5.699	5.382
4.357	4.549	5.699	5.382
4.344	3.758	4.79	4.241
4.55	5.475	5.593	4.468
3.388	2.84	3.697	5.601
6.044	4.458	6.222	5.882
4.357	4.549	5.699	5.382
4.598	4.932	5.694	3.771
4.653	6.337	5.16	3.535
4.55	5.475	5.593	4.468
3.959	5.914	4.456	3.95
4.357	4.549	5.699	5.382
5.889	3.901	5.791	5.11
4.344	3.758	4.79	4.241
3.867	5.049	3.762	6.119
5.493	5.91	6.605	5.9
3.679	4.801	3.601	5.952
4.55	5.475	5.593	4.468
2.744	8.327	4.744	2.33
4.648	4.162	5.241	6.043
4.55	5.475	5.593	4.468
5.431	6.11	5.743	3.778
3.605	4.919	3.95	3.942
3.384	3.958	3.809	6.01
4.55	5.475	5.593	4.468
4.357	4.549	5.699	5.382
3.679	4.801	3.601	5.952
4.648	4.162	5.241	6.043
4.357	4.549	5.699	5.382
6.203	4.375	6.222	6.585
4.598	4.932	5.694	3.771
4.357	4.549	5.699	5.382
4.357	4.549	5.699	5.382
4.949	4.174	4.32	4.085
3.388	2.84	3.697	5.601
4.55	5.475	5.593	4.468
4.648	4.162	5.241	6.043
3.384	3.958	3.809	6.01
4.862	4.398	5.314	5.362
4.317	3.86	4.737	7.384
4.357	4.549	5.699	5.382
5.431	6.11	5.743	3.778
4.018	3.51	3.379	4.753
2.713	4.602	3.118	4.585
4.55	5.475	5.593	4.468
4.648	4.162	5.241	6.043
4.64	5.133	5.309	6.023
5.431	6.11	5.743	3.778
4.357	4.549	5.699	5.382
4.357	4.549	5.699	5.382
4.128	4.803	5.141	4.735
4.648	4.162	5.241	6.043
5.493	5.91	6.605	5.9
3.31	3.814	4.04	5.855
4.128	4.803	5.141	4.735
4.128	4.803	5.141	4.735
4.529	5.279	4.593	1.973
3.867	5.049	3.762	6.119
4.482	2.753	4.359	4.569
4.598	4.932	5.694	3.771
4.598	4.932	5.694	3.771
4.598	4.932	5.694	3.771
5.431	6.11	5.743	3.778
4.598	4.932	5.694	3.771
3.521	3.555	4.023	5.606
4.648	4.162	5.241	6.043
5.431	6.11	5.743	3.778
2.713	4.602	3.118	4.585
3.72	3.018	4.346	4.914
4.047	5.71	5.206	6.552
6.477	5.022	6.709	6.633
4.648	4.162	5.241	6.043
4.648	4.162	5.241	6.043
4.648	4.162	5.241	6.043
6.301	6.6	7.555	3.91
2.713	4.602	3.118	4.585
4.648	4.162	5.241	6.043
4.648	4.162	5.241	6.043
3.388	2.84	3.697	5.601
3.72	3.018	4.346	4.914
3.959	5.914	4.456	3.95
4.648	4.162	5.241	6.043
5.795	4.693	5.534	7.485
4.648	4.162	5.241	6.043
4.648	4.162	5.241	6.043
6.033	4.664	6.359	6.447
4.648	4.162	5.241	6.043
4.648	4.162	5.241	6.043
4.598	4.932	5.694	3.771
5.431	6.11	5.743	3.778
3.712	4.814	3.713	4.334
3.679	4.801	3.601	5.952
4.648	4.162	5.241	6.043
4.648	4.162	5.241	6.043
5.431	6.11	5.743	3.778
5.431	6.11	5.743	3.778
2.873	4.165	4.922	5.028
2.873	4.165	4.922	5.028
4.357	4.549	5.699	5.382
2.873	4.165	4.922	5.028
4.55	5.475	5.593	4.468
5.431	6.11	5.743	3.778
2.298	3.67	2.726	7.285
5.034	4.271	5.522	5.297
4.64	5.133	5.309	6.023
5.431	6.11	5.743	3.778
5.431	6.11	5.743	3.778
4.55	5.475	5.593	4.468
2.713	4.602	3.118	4.585
4.598	4.932	5.694	3.771
2.873	4.165	4.922	5.028
4.357	4.549	5.699	5.382
4.663	5.049	5.226	5.463
4.344	3.758	4.79	4.241
3.546	7.838	5.041	0.65
2.298	3.67	2.726	7.285
4.864	5.589	5.5	3.714
3.384	3.958	3.809	6.01
4.864	5.589	5.5	3.714
4.846	5.469	5.212	6.174
3.583	3.67	4.078	4.942
3.583	3.67	4.078	4.942
3.583	3.67	4.078	4.942
2.201	4.524	3.007	7.023
5.725	4.355	6.351	5.781
2.873	4.165	4.922	5.028
4.55	5.475	5.593	4.468
4.357	4.549	5.699	5.382
4.55	5.475	5.593	4.468
3.72	3.018	4.346	4.914
3.005	4.645	3.045	6.887
3.033	4.655	3.49	5.463
2.883	4.474	2.448	5.476
3.643	4.334	3.45	6.506
3.43	3.841	3.23	6.372
3.903	4.481	3.848	5.086
3.643	4.334	3.45	6.506
3.43	3.841	3.23	6.372
4.766	3.256	3.863	4.769
3.43	3.841	3.23	6.372
3.903	4.481	3.848	5.086
3.643	4.334	3.45	6.506
2.48	4.474	3.123	6.573
3.903	4.481	3.848	5.086
3.43	3.841	3.23	6.372
3.643	4.334	3.45	6.506
3.599	3.869	3.352	4.892
4.097	4.492	4.738	4.183
2.48	4.474	3.123	6.573
3.262	3.847	3.142	5.067
3.903	4.481	3.848	5.086
3.005	4.645	3.045	6.887
3.43	3.841	3.23	6.372
3.43	3.841	3.23	6.372
3.643	4.334	3.45	6.506
3.185	4.371	3.461	4.465
2.883	4.474	2.448	5.476
3.185	4.371	3.461	4.465
3.185	4.371	3.461	4.465
3.185	4.371	3.461	4.465
3.185	4.371	3.461	4.465
3.185	4.371	3.461	4.465
3.43	3.841	3.23	6.372
2.883	4.474	2.448	5.476
5.498	2.853	5.328	6.554
5.707	7.773	6.755	6.613
5.498	2.853	5.328	6.554
5.498	2.853	5.328	6.554
5.498	2.853	5.328	6.554
4.996	3.135	5.74	5.1
3.599	3.869	3.352	4.892
3.185	4.371	3.461	4.465
3.903	4.481	3.848	5.086
3.643	4.334	3.45	6.506
4.606	3.806	4.616	6.302
3.643	4.334	3.45	6.506
3.43	3.841	3.23	6.372
2.48	4.474	3.123	6.573
3.525	3.761	2.751	4.317
5.498	2.853	5.328	6.554
4.097	4.492	4.738	4.183
4.097	4.492	4.738	4.183
3.43	3.841	3.23	6.372
2.908	4.79	3.359	4.601
5.498	2.853	5.328	6.554
4.744	4.205	4.814	4.396
3.903	4.481	3.848	5.086
3.643	4.334	3.45	6.506
3.599	3.869	3.352	4.892
4.606	3.806	4.616	6.302
3.599	3.869	3.352	4.892
4.606	3.806	4.616	6.302
3.599	3.869	3.352	4.892
3.797	3.506	2.659	4.282
3.104	7.07	4.662	3.4
3.262	3.847	3.142	5.067
6.615	5.048	6.592	4.666
3.43	3.841	3.23	6.372
3.43	3.841	3.23	6.372
2.883	4.474	2.448	5.476
3.903	4.481	3.848	5.086
3.903	4.481	3.848	5.086
3.903	4.481	3.848	5.086
3.903	4.481	3.848	5.086
3.903	4.481	3.848	5.086
3.903	4.481	3.848	5.086
4.807	4.842	5.16	5.387
5.498	2.853	5.328	6.554
3.43	3.841	3.23	6.372
4.192	6.444	4.15	4.431
5.498	2.853	5.328	6.554
3.903	4.481	3.848	5.086
5.498	2.853	5.328	6.554
5.498	2.853	5.328	6.554
3.43	3.841	3.23	6.372
5.498	2.853	5.328	6.554
3.43	3.841	3.23	6.372
3.903	4.481	3.848	5.086
3.43	3.841	3.23	6.372
3.937	3.936	3.33	5.963
3.43	3.841	3.23	6.372
2.863	3.863	4.071	5.925
3.903	4.481	3.848	5.086
3.262	3.847	3.142	5.067
4.097	4.492	4.738	4.183
4.097	4.492	4.738	4.183
3.43	3.841	3.23	6.372
4.708	3.033	3.892	6.075
4.246	3.296	3.717	4.484
4.097	4.492	4.738	4.183
3.43	3.841	3.23	6.372
3.43	3.841	3.23	6.372
3.43	3.841	3.23	6.372
5.498	2.853	5.328	6.554
4.097	4.492	4.738	4.183
3.43	3.841	3.23	6.372
3.43	3.841	3.23	6.372
2.883	4.474	2.448	5.476
3.43	3.841	3.23	6.372
3.643	4.334	3.45	6.506
3.599	3.869	3.352	4.892
3.599	3.869	3.352	4.892
3.599	3.869	3.352	4.892
3.643	4.334	3.45	6.506
3.599	3.869	3.352	4.892
3.643	4.334	3.45	6.506
2.883	4.474	2.448	5.476
3.43	3.841	3.23	6.372
3.43	3.841	3.23	6.372
3.43	3.841	3.23	6.372
3.903	4.481	3.848	5.086
3.43	3.841	3.23	6.372
4.606	3.806	4.616	6.302
6.271	3.29	6.886	4.841
3.43	3.841	3.23	6.372
4.097	4.492	4.738	4.183
3.643	4.334	3.45	6.506
3.643	4.334	3.45	6.506
4.996	3.135	5.74	5.1
3.43	3.841	3.23	6.372
4.606	3.806	4.616	6.302
3.903	4.481	3.848	5.086
3.185	4.371	3.461	4.465
5.121	4.873	5.707	5.663
2.883	4.474	2.448	5.476
2.883	4.474	2.448	5.476
2.883	4.474	2.448	5.476
2.883	4.474	2.448	5.476
5.498	2.853	5.328	6.554
5.498	2.853	5.328	6.554
4.996	3.135	5.74	5.1
5.498	2.853	5.328	6.554
6.339	3.848	5.634	6.154
4.708	3.033	3.892	6.075
5.639	3.343	4.861	5.888
4.708	3.033	3.892	6.075
5.639	3.343	4.861	5.888
5.639	3.343	4.861	5.888
4.708	3.033	3.892	6.075
5.639	3.343	4.861	5.888
4.708	3.033	3.892	6.075
4.708	3.033	3.892	6.075
3.185	4.371	3.461	4.465
4.708	3.033	3.892	6.075
5.498	2.853	5.328	6.554
4.708	3.033	3.892	6.075
3.903	4.481	3.848	5.086
4.192	6.444	4.15	4.431
4.192	6.444	4.15	4.431
4.708	3.033	3.892	6.075
5.968	3.882	5.561	4.986
4.708	3.033	3.892	6.075
4.192	6.444	4.15	4.431
4.192	6.444	4.15	4.431
3.643	4.334	3.45	6.506
3.43	3.841	3.23	6.372
3.43	3.841	3.23	6.372
3.43	3.841	3.23	6.372
4.606	3.806	4.616	6.302
4.606	3.806	4.616	6.302
3.523	5.144	5.243	6.028
4.097	4.492	4.738	4.183
3.43	3.841	3.23	6.372
3.43	3.841	3.23	6.372
3.903	4.481	3.848	5.086
4.378	4.195	4.544	5.6
4.097	4.492	4.738	4.183
3.262	3.847	3.142	5.067
3.262	3.847	3.142	5.067
2.746	5.443	2.938	3.484
3.262	3.847	3.142	5.067
3.262	3.847	3.142	5.067
4.682	3.958	3.608	4.41
4.682	3.958	3.608	4.41
4.682	3.958	3.608	4.41
4.682	3.958	3.608	4.41
4.682	3.958	3.608	4.41
3.43	3.841	3.23	6.372
3.262	3.847	3.142	5.067
3.43	3.841	3.23	6.372
4.097	4.492	4.738	4.183
3.262	3.847	3.142	5.067
2.567	3.129	2.85	3.667
3.55	3.412	3.109	4.05
4.097	4.492	4.738	4.183
3.599	3.869	3.352	4.892
2.883	4.474	2.448	5.476
3.643	4.334	3.45	6.506
3.43	3.841	3.23	6.372
2.48	4.474	3.123	6.573
5.639	3.343	4.861	5.888
7.3	3.021	6.137	4.619
6.327	3.621	6.862	3.512
6.624	5.774	6.854	3.722
7.301	4.84	7.403	4.138
5.555	4.213	6.276	3.19
5.555	4.213	6.276	3.19
4.691	3.757	6.273	5.105
7.788	5.783	6.82	4.172
7.788	5.783	6.82	4.172
7.788	5.783	6.82	4.172
5.998	4.702	5.432	3.584
6.625	2.308	5.018	3.102
7.788	5.783	6.82	4.172
4.479	4.587	4.501	3.135
4.479	4.587	4.501	3.135
4.479	4.587	4.501	3.135
4.479	4.587	4.501	3.135
6.625	2.308	5.018	3.102
6.624	5.774	6.854	3.722
5.555	4.213	6.276	3.19
7.788	5.783	6.82	4.172
7.3	3.021	6.137	4.619
6.883	3.914	7.988	5.225
6.883	3.914	7.988	5.225
6.883	3.914	7.988	5.225
6.883	3.914	7.988	5.225
6.624	5.774	6.854	3.722
5.555	4.213	6.276	3.19
5.912	3.957	6.365	4.859
5.273	2.712	3.284	5.288
6.508	3.36	6.488	3.928
5.364	4.165	5.15	5.197
5.555	4.213	6.276	3.19
6.916	3.397	6.77	5.912
6.883	3.914	7.988	5.225
5.555	4.213	6.276	3.19
5.555	4.213	6.276	3.19
6.869	4.391	5.988	4.451
4.92	3.769	5.156	4.089
5.058	4.054	5.407	3.56
5.054	4.536	4.714	3.959
5.555	4.213	6.276	3.19
5.074	3.731	3.705	5.855
5.465	5.343	4.947	1.669
5.555	4.213	6.276	3.19
5.555	4.213	6.276	3.19
7.144	3.477	6.509	5.602
6.68	4.741	6.628	4.622
6.68	4.741	6.628	4.622
6.68	4.741	6.628	4.622
6.68	4.741	6.628	4.622
6.68	4.741	6.628	4.622
6.68	4.741	6.628	4.622
5.555	4.213	6.276	3.19
5.555	4.213	6.276	3.19
5.555	4.213	6.276	3.19
5.555	4.213	6.276	3.19
5.555	4.213	6.276	3.19
5.912	3.957	6.365	4.859
5.555	4.213	6.276	3.19
7.301	4.84	7.403	4.138
7.144	3.477	6.509	5.602
5.555	4.213	6.276	3.19
4.298	3.853	4.052	3.864
3.637	4.968	4.943	6.534
7.301	4.84	7.403	4.138
6.869	4.391	5.988	4.451
7.3	3.021	6.137	4.619
5.912	3.957	6.365	4.859
4.698	4.657	4.953	3.45
6.883	3.914	7.988	5.225
5.058	4.054	5.407	3.56
6.869	4.391	5.988	4.451
4.964	5.195	4.728	3.664
5.054	4.536	4.714	3.959
4.633	3.759	4.833	3.823
5.631	2.998	6.298	4.261
4.964	5.195	4.728	3.664
6.869	4.391	5.988	4.451
5.054	4.536	4.714	3.959
6.869	4.391	5.988	4.451
6.297	4.524	7.026	4.449
3.406	4.832	3.944	3.952
6.297	4.524	7.026	4.449
4.267	5.671	4.751	3.819
6.297	4.524	7.026	4.449
6.327	3.621	6.862	3.512
5.024	3.251	6.35	6.943
5.456	5.851	4.956	2.5
7.3	3.021	6.137	4.619
5.465	5.343	4.947	1.669
5.312	4.245	5.68	2.477
7.301	4.84	7.403	4.138
6.686	5.334	7.371	1.704
6.327	3.621	6.862	3.512
5.631	2.998	6.298	4.261
4.385	2.785	3.324	4.864
6.869	4.391	5.988	4.451
6.327	3.621	6.862	3.512
5.555	4.213	6.276	3.19
6.327	3.621	6.862	3.512
6.327	3.621	6.862	3.512
5.465	5.343	4.947	1.669
5.465	5.343	4.947	1.669
6.327	3.621	6.862	3.512
6.327	3.621	6.862	3.512
5.555	4.213	6.276	3.19
7.788	5.783	6.82	4.172
5.9	4.93	6.209	2.821
7.144	3.477	6.509	5.602
4.818	3.125	5.036	5.712
6.916	3.397	6.77	5.912
5.555	4.213	6.276	3.19
5.555	4.213	6.276	3.19
6.624	5.774	6.854	3.722
5.058	4.054	5.407	3.56
5.693	3.563	5.304	4.32
6.624	5.774	6.854	3.722
4.698	4.657	4.953	3.45
5.058	4.054	5.407	3.56
5.555	4.213	6.276	3.19
4.698	4.657	4.953	3.45
5.058	4.054	5.407	3.56
5.555	4.213	6.276	3.19
7.144	3.477	6.509	5.602
5.555	4.213	6.276	3.19
4.862	4.398	5.314	5.362
5.631	2.998	6.298	4.261
7.212	2.985	7.065	6.357
6.883	3.914	7.988	5.225
5.555	4.213	6.276	3.19
6.624	5.774	6.854	3.722
6.624	5.774	6.854	3.722
6.185	3.954	7.329	5.451
6.869	4.391	5.988	4.451
6.624	5.774	6.854	3.722
5.555	4.213	6.276	3.19
7.301	4.84	7.403	4.138
5.073	4.295	5.043	4.947
5.073	4.295	5.043	4.947
5.555	4.213	6.276	3.19
4.487	6.636	5.078	1.571
4.698	4.657	4.953	3.45
5.555	4.213	6.276	3.19
4.487	6.636	5.078	1.571
5.555	4.213	6.276	3.19
5.555	4.213	6.276	3.19
4.633	3.759	4.833	3.823
3.926	3.803	4.432	3.274
3.406	4.832	3.944	3.952
5.912	3.957	6.365	4.859
5.555	4.213	6.276	3.19
7.301	4.84	7.403	4.138
7.3	3.021	6.137	4.619
6.916	3.397	6.77	5.912
6.916	3.397	6.77	5.912
7.3	3.021	6.137	4.619
6.916	3.397	6.77	5.912
6.916	3.397	6.77	5.912
5.555	4.213	6.276	3.19
7.144	3.477	6.509	5.602
3.961	6.753	4.827	1.389
5.9	4.93	6.209	2.821
5.9	4.93	6.209	2.821
5.9	4.93	6.209	2.821
5.9	4.93	6.209	2.821
5.9	4.93	6.209	2.821
5.9	4.93	6.209	2.821
5.555	4.213	6.276	3.19
5.555	4.213	6.276	3.19
5.555	4.213	6.276	3.19
3.27	7.91	4.312	2.43
5.555	4.213	6.276	3.19
5.555	4.213	6.276	3.19
4.839	3.987	4.307	4.044
7.301	4.84	7.403	4.138
5.362	4.098	5.376	4.885
4.964	5.195	4.728	3.664
4.317	3.86	4.737	7.384
6.327	3.621	6.862	3.512
5.555	4.213	6.276	3.19
5.555	4.213	6.276	3.19
4.28	3.892	5.673	4.26
6.327	3.621	6.862	3.512
6.624	5.774	6.854	3.722
6.327	3.621	6.862	3.512
5.555	4.213	6.276	3.19
6.471	2.675	5.61	4.487
4.615	5.879	5.37	5.869
7.144	3.477	6.509	5.602
7.788	5.783	6.82	4.172
5.555	4.213	6.276	3.19
5.555	4.213	6.276	3.19
5.555	4.213	6.276	3.19
6.471	2.675	5.61	4.487
5.555	4.213	6.276	3.19
6.869	4.391	5.988	4.451
3.926	3.803	4.432	3.274
4.92	3.769	5.156	4.089
4.557	3.567	3.86	5.415
6.327	3.621	6.862	3.512
4.576	3.23	3.938	5.657
3.537	3.48	2.556	5.115
5.563	3.299	4.909	4.832
3.106	3.549	3.104	4.173
4.091	3.135	4.301	5.044
5.168	4.296	4.152	4.105
5.316   3.616   5.078   5.103
5.299	5.12	5.591	3.489
3.587	5.704	3.691	7.008
4.691	3.757	6.273	5.105
5.112	3.837	4.791	6.583
4.441	3.279	4.107	2.944
5.777	4.338	5.549	3.621
3.465	4.538	3.91	3.817
2.921	5.193	3.237	7.321
3.222	4.864	4.274	5.786
3.125	4.591	3.146	5.577
4.641	4.018	3.549	4.78
5.921	4.148	5.049	5.445
3.339	5.072	3.31	5.185
6.688	2.598	6.11	6.341
7.795	1.724	7.63	5.367
4.282	5.424	4.944	6.387
5.348	4.3	4.532	5.195
4.973	4.911	5.097	4.236
3.787	5.633	5.012	6.722
7.624	2.526	7.595	5.767
5.348	4.3	4.532	5.195
5.921	4.148	5.049	5.445
4.082	3.727	3.483	4.537
5.491	4.47	6.016	6.531
5.433	2.919	4.168	6.21
5.697	5.199	6.077	6.813
2.235	4.499	2.942	6.18
3.222	4.864	4.274	5.786
3.396	5.273	3.662	7.431
4.973	4.911	5.097	4.236
4.872	3.764	4.363	4.215
5.921	4.148	5.049	5.445
6.002	2.869	5.68	4.89
5.968	3.882	5.561	4.986
5.19	4.3	5.063	5.34
4.282	5.424	4.944	6.387
7.624	2.526	7.595	5.767
2.999	2.986	2.431	5.287
4.981	4.971	5.277	5.411
3.834	4.258	4.421	5.753
4.981	4.971	5.277	5.411
6.957	4.396	6.845	6.028
4.441	3.279	4.107	2.944
2.107	3.82	2.439	7.158
5.229	5.554	5.492	4.274
4.282	5.424	4.944	6.387
3.57	3.273	3.661	4.449
4.973	4.911	5.097	4.236
5.491	4.47	6.016	6.531
3.952	3.314	3.958	3.833
4.724	4.069	5.034	5.566
4.126	4.365	4.358	5.701
5.633	4.865	5.238	4.782
7.045	2.581	6.891	5.539
3.587	5.704	3.691	7.008
3.125	4.591	3.146	5.577
5.491	4.47	6.016	6.531
5.639	3.193	5.098	5.167
5.059	4.517	4.672	5.342
5.22	3.625	3.678	4.631
6.611	4.978	6.209	4.205
4.698	6.462	5.903	5.245
5.267	4.294	5.754	4.878
5.22	3.625	3.678	4.631
6.095	2.498	5.21	5.114
6.217	5.753	6.591	3.899
5.795	4.693	5.534	7.485
4.126	4.365	4.358	5.701
4.126	4.365	4.358	5.701
6.008	4.343	6.186	6.565
4.735	3.77	4.791	6.526
3.662	6.287	4.804	5.775
2.107	3.82	2.439	7.158
5.481	3.993	5.616	6.369
7.073	4.085	7.209	6.165
4.126	4.365	4.358	5.701
3.021	4.576	3.112	3.533
4.282	5.424	4.944	6.387
6.008	4.343	6.186	6.565
5.255	3.897	3.889	4.637
4.973	4.911	5.097	4.236
5.822	4.356	5.474	5.398
3.587	5.704	3.691	7.008
5.921	4.148	5.049	5.445
3.587	5.704	3.691	7.008
5.491	4.47	6.016	6.531
3.587	5.704	3.691	7.008
5.19	4.3	5.063	5.34
3.211	3.176	2.873	4.891
5.491	4.47	6.016	6.531
5.433	2.919	4.168	6.21
5.276	4.97	6.021	6.967
4.665	4.084	5.334	5.535
3.125	4.591	3.146	5.577
5.993	3.255	5.017	5.562
6.185	3.954	7.329	5.451
5.491	4.47	6.016	6.531
5.017	4.606	4.778	3.577
5.152	3.806	4.422	6.162
4.358	3.975	3.478	3.983
4.549	4.13	4.821	3.808
5.491	4.47	6.016	6.531
5.308	0.913	3.994	4.876
5.059	4.517	4.672	5.342
3.647	4.719	3.63	5.368
4.549	4.13	4.821	3.808
7.223	6.54	7.485	2.926
2.624	5.999	2.382	7.005
2.624	5.999	2.382	7.005
5.491	4.47	6.016	6.531
4.155	5.042	5.143	5.133
5.887	4.338	6.611	5.06
4.194	3.141	4.093	6.691
3.647	4.719	3.63	5.368
3.647	4.719	3.63	5.368
4.082	3.727	3.483	4.537
4.169	3.305	4.149	4.134
4.973	4.911	5.097	4.236
4.973	4.911	5.097	4.236
4.842	4.136	3.476	4.641
5.667	2.938	4.429	4.498
4.06	5.045	4.286	5.673
4.359	4.065	3.791	5.286
4.973	4.911	5.097	4.236
5.491	4.47	6.016	6.531
4.316	5.933	5.115	6.486
6.536	3.443	6.14	5.802
4.973	4.911	5.097	4.236
7.272	3.414	6.696	6.784
4.973	4.911	5.097	4.236
7.624	2.526	7.595	5.767
4.047	5.71	5.206	6.552
7.624	2.526	7.595	5.767
5.236	4.422	5.57	4.417
6.336	4.402	6.512	3.937
5.921	4.148	5.049	5.445
6.505	4.505	5.824	5.564
6.025	4.964	7.071	5.473
4.082	3.727	3.483	4.537
6.396	3.394	5.789	5.779
4.16	4.638	4.289	5.251
4.282	5.424	4.944	6.387
4.282	5.424	4.944	6.387
4.082	3.727	3.483	4.537
6.044	4.458	6.222	5.882
4.671	5.547	5.424	5.286
4.671	5.547	5.424	5.286
5.574	4.385	5.241	6.091
6.465	4.133	6.161	5.339
5.528	4.219	5.422	5.561
5.017	4.606	4.778	3.577
7.624	2.526	7.595	5.767
5.017	4.606	4.778	3.577
5.017	4.606	4.778	3.577
5.017	4.606	4.778	3.577
2.032	3.714	3.003	4.947
4.126	4.365	4.358	5.701
4.126	4.365	4.358	5.701
4.282	5.424	4.944	6.387
4.282	5.424	4.944	6.387
4.282	5.424	4.944	6.387
4.973	4.911	5.097	4.236
4.973	4.911	5.097	4.236
6.857	3.609	5.715	5.332
4.004	4.312	3.887	4.998
7.624	2.526	7.595	5.767
5.98	4.537	6.344	5.227
6.336	4.402	6.512	3.937
8.215	5.04	8.15	3.913
4.894	4.233	3.598	6.163
4.049	5.483	5.925	6.692
4.358	3.975	3.478	3.983
4.358	3.975	3.478	3.983
4.744	4.205	4.814	4.396
3.987	3.324	3.838	4.815
4.683	4.44	3.922	3.983
4.744	4.205	4.814	4.396
4.191	3.812	5.212	5.969
3.756	3.785	3.598	4.732
4.549	4.13	4.821	3.808
4.549	4.13	4.821	3.808
3.883	4.114	4.215	5.553
6.702	6.292	6.813	3.547
5.284	3.838	6.779	6.394
3.125	4.591	3.146	5.577
5.639	3.343	4.861	5.888
3.125	4.591	3.146	5.577
3.125	4.591	3.146	5.577
5.38	4.924	5.974	5.661
5.725	4.355	6.351	5.781
3.125	4.591	3.146	5.577
5.677	3.518	6.917	5.475
4.842	4.136	3.476	4.641
4.082	3.727	3.483	4.537
4.011	4.245	4.82	5.133
5.014	5.544	5.299	5.118
5.364	4.165	5.15	5.197
4.197	4.372	3.893	4.056
4.145	5.394	4.918	4.362
5.312	4.575	5.178	4.681
3.734	5.558	3.607	6.233
3.526	4.631	4.376	6.798
3.791	5.482	5.725	6.633
3.496	4.082	5.541	7.456
4.219	3.724	6.126	5.877
5.519	4.808	5.646	5.138
7.196	3.34	7.003	4.747
6.371	5.053	6.462	3.801
4.295	4.897	4.013	4.405
4.313	4.875	4.536	5.901
4.243	5.869	5.815	6.872
1.996	7.114	3.509	1.926
7.45	4.291	6.763	5.519
4.968	5.335	5.695	6.245
3.456	5.11	3.817	5.996
1.988	3.249	2.69	4.825
4.243	5.869	5.815	6.872
5.48	3.858	6.264	4.866
6.124	4.519	6.071	5.941
1.937	2.337	2.294	4.664
3.181	3.47	3.797	5.955
3.928	4.558	5.25	6.463
2.623	5.779	3.611	6.786
4.74	6.5	5.568	5.5
5.377	4.373	5.463	7.16
5.795	3.399	6.197	6.318
5.876	4.236	6.042	5.463
5.624	5.461	6.569	6.413
7.523	3.85	7.127	5.045
5.166	4.98	7.005	7.833
3.536	4.653	4.13	5.566
5.166	4.98	7.005	7.833
3.867	5.564	4.704	6.043
4.968	5.335	5.695	6.245
4.965	3.881	4.805	6.003
4.313	4.875	4.536	5.901
4.968	5.335	5.695	6.245
3.867	5.564	4.704	6.043
4.968	5.335	5.695	6.245
4.243	5.869	5.815	6.872
5.377	4.373	5.463	7.16
3.954	6.021	5.204	5.137
4.968	5.335	5.695	6.245
8.06	4.887	8.673	6.137
4.007	4.058	3.505	5.368
3.27	6.872	4.138	1.717
4.065	4.343	4.624	5.255
4.313	4.875	4.536	5.901
2.786	3.194	3.49	5.106
5.563	3.299	4.909	4.832
5.624	5.461	6.569	6.413
4.968	5.335	5.695	6.245
4.968	5.335	5.695	6.245
4.968	5.335	5.695	6.245
5.377	4.373	5.463	7.16
5.116	5.885	6.627	5.829
4.454	4.565	4.558	4.936
5.624	5.461	6.569	6.413
5.377	4.373	5.463	7.16
4.778	5.965	5.201	4.926
5.291	4.151	5.632	6.733
5.06	3.286	6.314	8.578
6.044	4.458	6.222	5.882
3.867	5.564	4.704	6.043
7.089	2.825	7.713	7.407
3.417	4.829	3.837	5.092
3.945	6.067	4.501	5.008
4.74	6.5	5.568	5.5
6.605	4.607	7.365	4.75
4.411	5.221	4.419	6.045
3.417	4.829	3.837	5.092
6.825	4.589	6.628	6.091
5.024	3.251	6.35	6.943
5.497	2.723	5.462	5.401
5.465	5.744	6.762	6.429
5.465	5.744	6.762	6.429
5.465	5.744	6.762	6.429
5.465	5.744	6.762	6.429
6.448	3.991	7.728	6.348
6.599	4.156	6.115	4.73
4.313	4.875	4.536	5.901
4.313	4.875	4.536	5.901
4.313	4.875	4.536	5.901
2.409	5.492	3.194	5.836
5.166	4.98	7.005	7.833
5.511	3.821	5.215	5.315
4.271	6.446	4.363	5.8
5.876	4.236	6.042	5.463
6.285	4.055	7.062	5.93
3.867	5.564	4.704	6.043
3.796	2.482	3.706	4.47
5.481	4.221	5.859	6.652
5.879	6.14	6.694	6.288
7.304	3.946	7.589	6.889
6.203	4.375	6.222	6.585
5.624	5.461	6.569	6.413
5.807	4.874	5.902	4.154
7.449	5.4	5.974	5.954
4.818	3.125	5.036	5.712
5.876	4.236	6.042	5.463
3.945	6.067	4.501	5.008
3.945	6.067	4.501	5.008
4.968	5.335	5.695	6.245
4.968	5.335	5.695	6.245
4.968	5.335	5.695	6.245
4.968	5.335	5.695	6.245
4.057	4.255	4.607	5.68
5.91	2.438	5.059	4.822
5.377	4.373	5.463	7.16
4.74	6.5	5.568	5.5
5.377	4.373	5.463	7.16
3.733	3.608	2.815	5.807
5.377	4.373	5.463	7.16
3.721	7.126	5.598	7.268
5.876	4.236	6.042	5.463
5.377	4.373	5.463	7.16
3.85	5.135	4.048	5.836
5.876	4.236	6.042	5.463
4.328	4.313	4.548	6.704
3.674	4.543	3.675	5.882
6.208	5.118	5.636	4.768
5.377	4.373	5.463	7.16
4.029	4.384	3.799	4.768
5.876	4.236	6.042	5.463
3.309	5.365	4.174	5.245
5.465	5.744	6.762	6.429
4.28	4.627	4.849	3.89
5.374	5.274	5.747	5.523
5.377	4.373	5.463	7.16
4.39	4.99	5.336	6.042
3.785	5.507	5.955	7.287
5.377	4.373	5.463	7.16
5.455	3.012	5.31	5.708
6.578	3.964	6.373	5.418
3.055	3.413	2.561	4.07
2.799	4.307	2.996	5.336
5.624	5.461	6.569	6.413
6.942	4.704	6.977	3.502
7.976	4.825	6.968	5.035
5.876	4.236	6.042	5.463
5.303	3.56	4.994	5.102
3.975	3.869	3.921	5.548
3.413	3.526	3.61	5.988
3.867	5.564	4.704	6.043
4.968	5.335	5.695	6.245
5.166	4.98	7.005	7.833
4.243	5.869	5.815	6.872
4.106	4.436	4.618	5.305
6.862	4.396	6.709	5.09
5.751	5.707	6.683	6.834
5.166	4.98	7.005	7.833
5.465	5.744	6.762	6.429
4.968	5.335	5.695	6.245
5.751	5.707	6.683	6.834
5.751	5.707	6.683	6.834
5.751	5.707	6.683	6.834
3.867	5.564	4.704	6.043
5.406	3.55	5.421	5.89
4.293	4.957	3.9	4.731
5.752	4.635	5.783	5.621
4.106	4.436	4.618	5.305
4.106	4.436	4.618	5.305
3.733	4.28	3.847	5.484
6.3	5.845	6.948	5.337
2.619	4.427	2.787	5.185
4.041	3.12	4.397	5.534
4.384	5.285	4.324	4.58
4.313	4.875	4.536	5.901
3.733	3.608	2.815	5.807
5.624	5.461	6.569	6.413
5.529	4.96	5.453	6.655
4.968	5.335	5.695	6.245
4.23	4.397	5.534	6.266
2.475	5.374	2.716	3.794
2.565	4.56	3.133	2.876
3.517	3.509	3.289	6.284
5.166	4.98	7.005	7.833
4.814	3.366	5.136	4.639
5.166	4.98	7.005	7.833
3.867	5.564	4.704	6.043
4.74	6.5	5.568	5.5
5.624	5.461	6.569	6.413
5.377	4.373	5.463	7.16
7.05	3.697	6.591	4.35
5.802	3.622	5.511	6.664
6.484	3.389	6.459	7.04
4.243	5.869	5.815	6.872
4.739	4.319	5.503	7.331
6.202	3.12	6.046	6.137
4.086	4.483	5.164	6.697
3.733	3.608	2.815	5.807
4.31	6.909	3.949	2.72
5.166	4.98	7.005	7.833
6.018	4.133	4.69	5.806
