5.729	4.315	6.478	3.314
5.462	7.601	5.608	2.325
6.318	4.907	6.275	3.414
5.856	4.684	6.065	3.288
4.618	4.553	4.115	4.296
4.086	5.184	3.749	2.992
5.271	5.207	5.893	4.191
4.904	4.158	5.12	4.355
4.492	5.082	5.498	3.252
5.084	3.363	5.959	4.678
5.36	3.057	5.481	3.277
4.34	4.789	4.405	4.459
7.091	3.736	5.986	4.745
6.238	3.044	5.62	4.251
6.357	4.73	6.392	3.14
4.629	5.384	4.069	3.654
5.283	3.583	3.595	4.987
5.455	5.758	6.481	3.432
5.78	5.444	6.667	5.157
3.687	6.19	5.403	5.827
4.362	3.392	4.852	4.393
5.146	5.286	6.293	2.921
4.221	5.022	4.576	3.897
3.854	4.223	4.329	5.363
4.533	4.993	5.285	5.366
1.758	5.18	3.88	5.003
3.558	4.184	5.026	6.747
3.558	4.184	5.026	6.747
6.927	4.35	7.092	5.554
6.737	3.685	6.796	5.169
4.105	4.594	4.773	4.703
4.105	4.594	4.773	4.703
3.637	9.482	4.826	2.495
5.266	3.687	5.857	4.956
6.154	2.243	5.326	4.664
5.78	5.444	6.667	5.157
6.69	4.266	6.462	4.324
5.988	4.959	5.881	4.869
5.988	4.959	5.881	4.869
4.362	3.392	4.852	4.393
5.208	3.783	5.445	6.107
6.899	4.649	6.753	4.782
5.271	5.207	5.893	4.191
4.305	6.856	4.8	4.162
4.707	3.972	4.649	5.317
4.946	3.318	4.341	5.125
5.939	4.622	6.496	4.432
7.668	3.66	6.737	4.514
4.365	4.094	4.031	4.612
4.904	4.158	5.12	4.355
7.091	3.736	5.986	4.745
6.238	3.044	5.62	4.251
4.574	4.989	4.815	3.509
5.502	5.024	5.313	3.168
3.471	6.642	3.876	3.411
6.899	4.649	6.753	4.782
4.126	4.65	3.769	3.643
3.946	6.558	3.58	3.81
6.585	4.392	6.426	4.262
6.37	4.563	5.929	5.438
7.715	2.95	7.214	5.21
6.37	4.563	5.929	5.438
5.797	4.091	5.699	5.135
6.186	4.984	6.34	5.237
4.623	4.342	5.173	4.369
6.656	3.939	6.291	3.722
3.992	5.427	3.937	2.786
4.543	4.542	4.771	3.857
4.038	4.684	5.449	6.151
4.703	4.248	4.545	4.636
6.115	3.875	6.421	5.226
4.637	3.122	6.022	6.141
4.637	3.122	6.022	6.141
7.231	5.551	7.034	4.084
5.041	5.262	5.452	3.244
6.737	3.685	6.796	5.169
5.146	5.286	6.293	2.921
5.363	4.012	5.313	4.67
5.282	4.733	3.855	3.517
5.179	5.867	5.782	3.313
5.271	5.207	5.893	4.191
6.024	3.639	5.989	4.218
4.645	4.423	5.334	4.554
2.148	5.225	3.238	5.734
2.148	5.225	3.238	5.734
5.459	5.185	5.775	3.845
5.363	4.012	5.313	4.67
5.455	5.758	6.481	3.432
7.609	4.068	7.125	4.251
4.581	5.37	4.351	4.791
5.282	4.733	3.855	3.517
5.282	4.733	3.855	3.517
6.37	4.563	5.929	5.438
4.838	3.787	4.353	6.606
5.678	4.678	6.399	4.344
4.517	4.543	5.262	4.377
4.284	5.187	4.291	2.394
2.066	5.27	3.092	6.958
5.636	4.982	6.324	4.788
3.849	4.355	4.489	5.745
4.735	5.166	4.84	4.828
5.606	4.359	6.407	5.813
4.517	4.543	5.262	4.377
5.199	5.793	6.307	5.462
7.28	5.152	7.579	6.993
5.797	4.091	5.699	5.135
5.071	5.046	5.404	4.465
4.535	3.722	4.993	4.11
7.609	4.068	7.125	4.251
5.505	5.35	5.591	4.115
5.797	4.091	5.699	5.135
6.357	4.73	6.392	3.14
4.574	4.989	4.815	3.509
5.879	4.217	6.089	5.169
5.939	4.622	6.496	4.432
5.988	4.959	5.881	4.869
4.776	7.194	4.925	3.8
7.052	4.244	7.392	5.644
5.363	4.012	5.313	4.67
5.063	4.759	5.547	2.461
6.006	4.14	6.125	3.592
4.904	4.158	5.12	4.355
4.871	5.29	5.48	4.82
3.849	4.355	4.489	5.745
6.505	2.987	5.655	4.892
3.272	5.082	5.086	2.77
5.285	5.76	5.909	5.609
5.285	5.76	5.909	5.609
3.845	4.253	4.018	5.566
3.197	5.145	3.656	3.87
4.992	5.532	5.702	2.743
2.909	4.693	2.909	3.725
5.797	4.091	5.699	5.135
6.762	4.555	6.202	4.402
4.918	3.671	4.287	5.855
7.094	3.094	7.609	5.535
4.809	4.122	4.276	5.456
4.569	4.657	4.836	6.11
7.046	5.328	7.188	4.283
4.267	4.474	4.317	6.064
2.169	5.363	3.456	3.255
4.32	3.797	4.962	5.287
3.272	5.082	5.086	2.77
4.629	5.384	4.069	3.654
3.928	4.558	5.25	6.463
3.928	4.558	5.25	6.463
2.912	6.453	3.91	6.91
4.539	4.076	4.98	5.08
5.636	4.982	6.324	4.788
6.39	3.984	6.283	5.386
7.146	3.746	7.281	6.526
4.582	4.601	4.267	4.38
6.145	4.854	5.769	4.956
5.797	4.091	5.699	5.135
4.32	3.797	4.962	5.287
5.521	4.167	6.112	5.994
6.697	3.796	6.538	5.563
3.687	6.19	5.403	5.827
3.165	4.992	3.104	5.943
5.063	4.759	5.547	2.461
5.83	4.43	6.186	6.094
6.024	3.639	5.989	4.218
6.024	3.639	5.989	4.218
3.946	6.558	3.58	3.81
4.067	4.969	4.844	5.953
4.565	4.586	4.895	5.688
5.459	5.185	5.775	3.845
6.899	4.649	6.753	4.782
4.574	4.989	4.815	3.509
5.635	4.41	4.627	4.416
4.858	3.761	4.613	4.818
4.574	4.989	4.815	3.509
4.302	5.764	5.538	4.605
7.046	5.328	7.188	4.283
4.221	5.022	4.576	3.897
5.089	4.579	5.959	4.59
7.301	4.84	7.403	4.138
4.883	5.789	5.638	4.887
6.237	4.41	7.63	4.806
4.962	6.017	6.615	3.658
5.724	3.535	5.231	4.213
7.091	3.736	5.986	4.745
6.238	3.044	5.62	4.251
4.623	4.342	5.173	4.369
5.635	4.41	4.627	4.416
6.095	3.939	6.004	5.115
4.784	6.195	5.455	4.179
5.374	3.483	4.226	5.159
4.574	4.989	4.815	3.509
5.481	3.993	5.616	6.369
6.007	4.623	5.946	4.233
6.007	4.623	5.946	4.233
5.939	4.622	6.496	4.432
6.899	4.649	6.753	4.782
5.791	4.748	5.715	6.159
6.369	2.198	5.93	5.656
7.409	4.408	7.485	5.932
5.199	5.793	6.307	5.462
5.199	5.793	6.307	5.462
7.409	4.408	7.485	5.932
5.363	4.012	5.313	4.67
4.395	4.355	4.273	5.373
5.515	4.926	5.617	4.657
4.072	4.962	4.427	4.739
5.897	3.791	5.431	5.036
5.121	5.689	5.932	5.082
5.883	4.736	5.401	4.313
4.409	4.19	4.522	2.325
3.992	5.427	3.937	2.786
5.939	4.622	6.496	4.432
4.969	5.063	6.174	5.37
5.009	4.618	4.41	5.322
7.301	4.84	7.403	4.138
5.208	3.783	5.445	6.107
4.582	4.601	4.267	4.38
6.451	3.77	6.061	5.775
5.04	5.403	5.229	4.877
3.165	4.992	3.104	5.943
4.147	5.948	5.062	5.989
5.939	4.622	6.496	4.432
4.147	5.948	5.062	5.989
3.471	6.642	3.876	3.411
5.939	4.622	6.496	4.432
4.904	4.158	5.12	4.355
4.723	4.0	4.967	4.28
5.522	5.665	6.423	3.863
5.593	4.08	6.212	2.968
8.339	3.594	7.845	5.475
4.784	6.195	5.455	4.179
5.013	4.479	5.166	4.998
4.574	4.989	4.815	3.509
4.784	6.195	5.455	4.179
5.013	4.479	5.166	4.998
4.363	4.406	5.683	5.129
5.797	4.091	5.699	5.135
5.877	4.455	6.323	5.874
5.877	4.455	6.323	5.874
4.517	4.543	5.262	4.377
6.632	4.032	5.846	6.096
6.632	4.032	5.846	6.096
6.632	4.032	5.846	6.096
5.374	3.483	4.226	5.159
6.016	3.858	5.2	4.759
5.338	4.201	5.412	6.327
4.592	8.133	5.379	2.691
4.776	7.194	4.925	3.8
4.776	7.194	4.925	3.8
5.635	4.41	4.627	4.416
6.649	3.849	6.131	4.104
4.872	4.052	4.293	2.326
4.872	4.052	4.293	2.326
6.37	4.563	5.929	5.438
2.029	6.414	4.356	3.452
3.021	3.784	2.515	5.45
5.05	5.027	5.638	3.565
3.432	5.443	4.056	4.056
3.946	6.558	3.58	3.81
4.643	3.481	5.5	6.246
4.969	5.063	6.174	5.37
4.707	3.972	4.649	5.317
6.357	4.73	6.392	3.14
4.645	4.423	5.334	4.554
4.434	4.488	5.416	5.59
4.83	3.973	5.156	5.915
4.213	4.204	4.565	5.977
5.113	6.57	6.384	5.182
6.007	4.623	5.946	4.233
4.744	2.366	5.178	5.541
6.447	3.171	4.787	4.857
6.447	3.171	4.787	4.857
6.543	3.704	5.874	5.068
4.441	5.817	4.294	4.544
5.407	4.165	5.485	5.218
4.789	2.914	5.518	4.306
6.186	4.984	6.34	5.237
6.737	3.685	6.796	5.169
4.574	4.989	4.815	3.509
7.609	4.068	7.125	4.251
5.459	5.185	5.775	3.845
7.091	3.736	5.986	4.745
3.946	6.558	3.58	3.81
6.015	4.933	6.62	4.976
4.362	3.392	4.852	4.393
6.422	4.279	5.867	3.007
6.09	3.692	6.53	4.771
4.776	7.194	4.925	3.8
6.75	3.67	6.456	6.461
6.737	3.685	6.796	5.169
5.459	5.185	5.775	3.845
5.57	5.081	6.23	5.283
6.585	4.392	6.426	4.262
6.024	3.639	5.989	4.218
5.473	4.618	5.791	5.475
5.473	4.618	5.791	5.475
5.312	3.915	4.76	4.856
4.363	4.406	5.683	5.129
5.437	3.43	5.65	5.425
6.69	4.266	6.462	4.324
5.388	4.896	5.848	5.066
5.75	4.181	4.868	5.476
5.253	4.425	5.711	5.248
4.395	4.815	4.486	3.844
4.645	4.423	5.334	4.554
5.455	5.758	6.481	3.432
6.095	6.672	5.324	3.286
6.095	6.672	5.324	3.286
6.095	6.672	5.324	3.286
5.459	5.185	5.775	3.845
7.558	2.695	7.256	6.018
7.091	3.736	5.986	4.745
6.502	3.753	7.396	5.415
5.228	4.15	5.822	5.438
5.505	5.35	5.591	4.115
4.574	4.989	4.815	3.509
6.024	3.639	5.989	4.218
3.946	6.558	3.58	3.81
6.096	4.174	5.973	4.518
2.552	4.687	2.53	4.694
2.552	4.687	2.53	4.694
4.324	4.501	3.734	4.724
5.505	5.35	5.591	4.115
5.924	2.642	4.723	4.32
3.115	5.532	4.013	4.409
3.626	5.223	4.369	5.497
7.046	5.328	7.188	4.283
3.142	8.809	4.46	2.934
6.318	5.341	6.402	3.908
3.272	5.082	5.086	2.77
5.274	4.632	6.54	1.822
5.363	4.012	5.313	4.67
7.317	5.278	7.771	7.076
6.238	3.044	5.62	4.251
3.272	5.082	5.086	2.77
3.68	4.431	3.62	4.503
4.839	3.798	4.959	5.064
7.609	4.068	7.125	4.251
8.339	3.594	7.845	5.475
7.609	4.068	7.125	4.251
2.259	5.786	4.074	2.862
6.238	3.044	5.62	4.251
5.57	5.081	6.23	5.283
5.939	4.622	6.496	4.432
6.927	4.35	7.092	5.554
5.06	2.884	4.863	4.811
5.57	5.081	6.23	5.283
6.186	4.984	6.34	5.237
2.369	6.928	4.15	5.827
3.277	5.489	3.682	3.787
3.052	6.098	2.709	3.991
3.052	6.098	2.709	3.991
3.364	5.772	3.998	2.726
4.089	4.883	4.667	6.925
4.089	4.883	4.667	6.925
5.056	3.918	4.657	5.906
4.129	4.753	4.226	5.75
4.574	4.989	4.815	3.509
4.574	4.989	4.815	3.509
4.574	4.989	4.815	3.509
4.416	4.968	5.508	6.483
3.518	7.459	4.738	4.126
4.623	4.342	5.173	4.369
5.159	3.529	4.482	5.625
2.235	4.499	2.942	6.18
4.645	4.423	5.334	4.554
5.522	5.665	6.423	3.863
7.85	4.15	8.012	6.613
6.37	4.563	5.929	5.438
3.02	3.491	3.713	5.53
5.57	5.081	6.23	5.283
3.98	6.11	5.154	4.819
5.799	4.431	5.198	4.196
5.799	4.431	5.198	4.196
5.799	4.431	5.198	4.196
3.072	7.97	5.258	6.716
5.797	4.091	5.699	5.135
4.904	4.158	5.12	4.355
6.024	3.639	5.989	4.218
6.37	4.563	5.929	5.438
3.928	3.42	3.115	4.945
4.496	4.31	3.682	3.744
4.539	4.076	4.98	5.08
2.729	5.157	3.703	6.354
2.729	5.157	3.703	6.354
2.729	5.157	3.703	6.354
6.843	3.602	7.214	5.568
4.883	5.789	5.638	4.887
3.23	3.753	4.085	5.235
6.186	4.984	6.34	5.237
4.904	4.158	5.12	4.355
5.797	4.091	5.699	5.135
5.75	4.181	4.868	5.476
5.363	4.012	5.313	4.67
5.363	4.012	5.313	4.67
7.091	3.736	5.986	4.745
4.147	5.948	5.062	5.989
6.341	4.335	4.374	4.867
6.495	3.216	6.082	5.228
5.459	5.185	5.775	3.845
5.467	4.185	6.078	7.551
5.467	4.185	6.078	7.551
6.024	3.639	5.989	4.218
5.455	5.758	6.481	3.432
6.585	4.392	6.426	4.262
5.366	4.99	6.375	6.491
4.574	4.989	4.815	3.509
7.091	3.736	5.986	4.745
4.838	3.787	4.353	6.606
4.582	4.601	4.267	4.38
5.57	5.081	6.23	5.283
6.092	5.323	7.816	5.462
6.092	5.323	7.816	5.462
4.969	5.063	6.174	5.37
6.024	3.639	5.989	4.218
5.678	4.678	6.399	4.344
5.505	5.35	5.591	4.115
3.872	3.616	3.995	4.272
8.339	3.594	7.845	5.475
5.116	5.885	6.627	5.829
5.116	5.885	6.627	5.829
5.116	5.885	6.627	5.829
4.211	4.078	4.713	5.093
4.517	4.543	5.262	4.377
3.875	4.889	4.582	4.282
3.612	3.327	3.181	5.178
5.488	2.946	4.533	4.739
6.357	4.73	6.392	3.14
4.349	5.486	5.663	4.534
6.75	3.67	6.456	6.461
7.412	3.464	6.965	5.24
4.645	4.423	5.334	4.554
3.847	4.676	5.241	7.125
3.847	4.676	5.241	7.125
3.847	4.676	5.241	7.125
6.562	3.873	7.565	5.606
5.75	4.181	4.868	5.476
7.301	4.84	7.403	4.138
4.362	3.392	4.852	4.393
2.631	4.852	3.332	7.257
5.478	4.104	4.9	3.0
5.505	5.35	5.591	4.115
5.505	5.35	5.591	4.115
5.708	5.528	5.801	4.682
4.883	5.789	5.638	4.887
7.171	4.999	7.199	5.232
7.71	5.645	7.627	4.921
6.685	4.328	7.456	6.066
4.349	5.486	5.663	4.534
4.349	5.486	5.663	4.534
6.374	4.036	6.387	5.954
6.357	4.73	6.392	3.14
4.625	5.24	5.234	6.516
5.505	5.35	5.591	4.115
5.271	5.207	5.893	4.191
5.459	5.185	5.775	3.845
5.521	4.167	6.112	5.994
4.707	3.972	4.649	5.317
4.339	3.985	4.452	4.135
4.784	6.195	5.455	4.179
3.25	2.847	3.497	5.01
5.584	6.962	6.252	4.623
4.073	4.276	4.094	5.088
4.073	4.276	4.094	5.088
3.272	5.082	5.086	2.77
2.337	6.799	4.353	7.307
6.195	4.149	6.1	5.206
6.145	4.854	5.769	4.956
6.585	4.392	6.426	4.262
5.459	5.185	5.775	3.845
5.271	5.207	5.893	4.191
5.271	5.207	5.893	4.191
5.271	5.207	5.893	4.191
5.271	5.207	5.893	4.191
7.03	4.162	7.562	3.551
4.707	3.972	4.649	5.317
6.37	4.563	5.929	5.438
4.574	4.989	4.815	3.509
6.009	4.145	6.434	5.661
5.231	4.678	5.238	3.112
6.75	3.67	6.456	6.461
4.853	3.903	4.383	4.925
2.576	6.825	4.975	2.711
5.363	4.012	5.313	4.67
6.37	4.563	5.929	5.438
7.155	4.594	6.879	4.979
6.505	2.987	5.655	4.892
6.505	2.987	5.655	4.892
3.98	6.11	5.154	4.819
3.946	6.558	3.58	3.81
5.253	4.425	5.711	5.248
5.253	4.425	5.711	5.248
5.989	4.438	6.632	4.064
4.582	4.601	4.267	4.38
4.582	4.601	4.267	4.38
5.363	5.099	5.568	5.91
5.113	6.57	6.384	5.182
6.357	4.73	6.392	3.14
7.024	3.08	8.055	7.133
5.799	4.431	5.198	4.196
4.623	4.342	5.173	4.369
3.272	5.082	5.086	2.77
5.363	4.012	5.313	4.67
4.143	3.627	4.476	3.65
5.478	4.104	4.9	3.0
3.272	5.082	5.086	2.77
2.87	7.933	5.89	2.067
4.969	5.063	6.174	5.37
4.339	3.985	4.452	4.135
3.254	5.082	3.708	4.022
4.574	4.989	4.815	3.509
4.574	4.989	4.815	3.509
4.574	4.989	4.815	3.509
5.455	5.758	6.481	3.432
7.317	5.278	7.771	7.076
5.113	6.57	6.384	5.182
4.362	3.392	4.852	4.393
4.151	5.374	5.042	5.84
3.872	3.616	3.995	4.272
4.883	5.789	5.638	4.887
4.151	5.374	5.042	5.84
7.301	4.84	7.403	4.138
6.445	3.663	5.196	4.992
2.639	4.443	3.988	6.368
6.585	4.392	6.426	4.262
4.362	3.392	4.852	4.393
6.357	4.73	6.392	3.14
4.776	7.194	4.925	3.8
5.063	4.759	5.547	2.461
5.271	5.207	5.893	4.191
5.455	5.758	6.481	3.432
4.707	3.972	4.649	5.317
6.26	4.137	5.652	6.339
3.633	5.45	3.878	6.627
3.633	5.45	3.878	6.627
5.547	5.034	5.967	4.279
3.814	5.102	4.184	4.856
3.814	5.102	4.184	4.856
2.945	4.471	4.097	4.488
2.585	5.216	3.643	3.011
5.635	3.942	6.074	6.465
4.645	4.423	5.334	4.554
4.645	4.423	5.334	4.554
4.645	4.423	5.334	4.554
3.272	5.082	5.086	2.77
5.271	5.207	5.893	4.191
3.141	5.577	3.986	6.05
3.998	3.519	3.847	4.55
5.562	2.249	5.01	4.255
3.272	5.082	5.086	2.77
5.42	3.875	5.209	4.572
2.798	3.732	3.376	5.159
7.609	4.068	7.125	4.251
5.71	7.766	5.852	1.883
5.549	4.403	6.54	5.558
7.678	4.104	8.135	6.376
6.825	4.589	6.628	6.091
6.825	4.589	6.628	6.091
6.825	4.589	6.628	6.091
5.063	4.759	5.547	2.461
5.459	5.185	5.775	3.845
4.883	5.789	5.638	4.887
4.623	4.342	5.173	4.369
4.857	4.854	6.762	4.5
2.377	5.76	3.051	5.513
2.971	5.683	3.855	6.597
3.272	5.082	5.086	2.77
6.596	1.972	5.094	4.115
3.055	5.913	3.646	4.451
7.283	4.002	6.216	5.07
4.838	3.787	4.353	6.606
6.585	4.392	6.426	4.262
5.57	5.081	6.23	5.283
6.033	4.47	6.223	6.254
5.988	4.959	5.881	4.869
7.862	5.398	7.852	4.671
4.623	4.342	5.173	4.369
6.657	3.642	6.967	5.634
4.339	3.985	4.452	4.135
6.083	4.592	5.876	5.827
3.872	3.616	3.995	4.272
4.623	4.342	5.173	4.369
4.623	4.342	5.173	4.369
5.636	4.982	6.324	4.788
5.374	3.483	4.226	5.159
7.091	3.736	5.986	4.745
2.828	4.956	3.979	3.473
5.084	2.777	4.982	5.654
5.459	5.185	5.775	3.845
4.97	4.043	4.419	5.189
5.383	4.814	4.896	4.191
3.687	6.19	5.403	5.827
4.472	4.524	4.104	5.028
5.883	4.736	5.401	4.313
3.687	6.19	5.403	5.827
5.635	3.942	6.074	6.465
6.756	5.676	7.184	6.443
5.296	3.593	4.827	5.937
5.939	4.622	6.496	4.432
2.88	8.52	4.565	3.726
5.459	5.185	5.775	3.845
6.024	3.639	5.989	4.218
6.861	3.503	6.019	4.445
4.858	3.761	4.613	4.818
4.858	3.761	4.613	4.818
3.849	4.355	4.489	5.745
3.813	4.598	3.926	3.818
5.968	5.739	4.358	4.014
6.37	4.563	5.929	5.438
6.37	4.563	5.929	5.438
3.626	5.223	4.369	5.497
4.15	4.299	3.889	5.168
5.505	5.35	5.591	4.115
6.024	3.639	5.989	4.218
6.238	3.044	5.62	4.251
6.669	2.229	5.763	4.694
6.357	4.73	6.392	3.14
5.875	4.669	6.522	5.211
5.505	5.35	5.591	4.115
4.693	4.316	5.394	3.575
4.693	4.316	5.394	3.575
5.555	3.562	4.493	5.418
5.459	5.185	5.775	3.845
3.626	5.223	4.369	5.497
5.271	5.207	5.893	4.191
7.091	3.736	5.986	4.745
5.459	5.185	5.775	3.845
4.623	4.342	5.173	4.369
7.091	3.736	5.986	4.745
4.969	5.063	6.174	5.37
4.104	4.948	3.512	5.167
4.395	4.355	4.273	5.373
6.015	4.933	6.62	4.976
5.669	3.925	5.634	5.286
6.585	4.392	6.426	4.262
6.825	4.589	6.628	6.091
5.556	4.91	6.45	5.62
4.707	3.972	4.649	5.317
4.339	3.985	4.452	4.135
4.623	4.342	5.173	4.369
3.98	6.11	5.154	4.819
3.98	6.11	5.154	4.819
6.311	3.192	5.013	5.528
6.201	2.796	5.753	5.072
3.872	3.616	3.995	4.272
5.505	5.35	5.591	4.115
6.238	3.044	5.62	4.251
5.78	5.444	6.667	5.157
5.146	5.286	6.293	2.921
5.271	5.207	5.893	4.191
5.57	5.081	6.23	5.283
4.533	4.993	5.285	5.366
5.363	4.012	5.313	4.67
5.363	4.012	5.313	4.67
5.093	5.199	5.314	4.806
5.363	4.012	5.313	4.67
4.768	3.744	3.97	4.428
4.457	7.444	5.91	2.136
5.229	4.947	5.666	5.272
6.336	3.325	6.572	6.677
3.196	5.24	3.963	6.607
6.651	4.262	6.432	6.087
6.505	2.987	5.655	4.892
6.024	3.639	5.989	4.218
4.776	7.194	4.925	3.8
4.776	7.194	4.925	3.8
4.88	5.747	5.546	5.655
5.255	2.891	4.779	5.472
7.609	4.068	7.125	4.251
7.045	2.581	6.891	5.539
5.939	4.622	6.496	4.432
4.441	5.817	4.294	4.544
4.836	5.307	4.703	5.066
2.88	8.52	4.565	3.726
4.517	4.543	5.262	4.377
5.483	4.789	5.55	6.175
4.574	4.989	4.815	3.509
6.448	3.991	7.728	6.348
6.357	4.73	6.392	3.14
5.459	5.185	5.775	3.845
4.367	4.182	4.894	5.616
5.271	5.207	5.893	4.191
4.147	5.948	5.062	5.989
6.37	4.563	5.929	5.438
5.797	4.091	5.699	5.135
6.422	4.279	5.867	3.007
5.678	4.678	6.399	4.344
5.78	5.444	6.667	5.157
4.962	6.017	6.615	3.658
5.522	5.665	6.423	3.863
2.265	3.728	2.945	4.324
3.969	4.479	5.772	4.697
3.833	4.01	3.966	4.852
2.611	5.424	3.226	3.304
5.656	5.776	5.865	3.425
5.459	5.185	5.775	3.845
4.88	5.747	5.546	5.655
4.362	3.392	4.852	4.393
6.006	4.806	5.419	5.106
5.593	4.08	6.212	2.968
5.593	4.08	6.212	2.968
5.593	4.08	6.212	2.968
5.593	4.08	6.212	2.968
3.568	4.04	4.074	6.523
4.32	3.797	4.962	5.287
5.889	3.901	5.791	5.11
3.985	3.491	3.75	5.401
3.272	5.082	5.086	2.77
3.653	4.822	3.933	6.637
3.653	4.822	3.933	6.637
6.737	3.685	6.796	5.169
5.228	4.15	5.822	5.438
6.357	4.73	6.392	3.14
2.67	4.117	3.326	5.406
2.665	4.788	3.581	6.991
5.205	5.127	4.795	5.872
2.865	6.463	3.34	2.809
4.674	3.531	3.8	5.602
4.674	3.531	3.8	5.602
4.943	3.929	4.692	4.59
6.927	4.35	7.092	5.554
4.582	4.601	4.267	4.38
6.115	4.746	5.866	4.373
5.459	5.185	5.775	3.845
5.421	3.937	6.189	7.022
5.363	4.012	5.313	4.67
5.063	4.759	5.547	2.461
5.988	4.959	5.881	4.869
3.798	3.777	4.0	6.253
3.872	3.616	3.995	4.272
5.797	4.091	5.699	5.135
4.088	5.245	5.687	3.48
4.623	4.342	5.173	4.369
7.609	4.068	7.125	4.251
5.879	4.217	6.089	5.169
4.707	3.972	4.649	5.317
4.962	6.017	6.615	3.658
4.784	6.195	5.455	4.179
3.687	6.19	5.403	5.827
5.315	4.802	4.702	4.828
5.315	4.802	4.702	4.828
6.37	4.563	5.929	5.438
8.339	3.594	7.845	5.475
4.574	4.989	4.815	3.509
5.167	4.179	5.942	5.205
4.992	5.532	5.702	2.743
4.944	6.079	5.525	4.84
6.39	3.984	6.283	5.386
5.505	5.35	5.591	4.115
6.565	3.457	6.203	5.517
6.796	3.65	7.478	6.52
5.375	4.393	5.872	6.684
5.375	4.393	5.872	6.684
5.585	4.091	5.76	4.773
4.574	4.989	4.815	3.509
5.455	5.758	6.481	3.432
6.186	4.984	6.34	5.237
5.505	5.35	5.591	4.115
4.293	6.364	5.377	5.867
5.462	7.601	5.608	2.325
5.518	4.368	4.885	4.667
5.08	6.967	5.771	4.498
5.603	4.844	6.935	2.501
5.455	5.758	6.481	3.432
4.991	4.015	4.285	5.099
3.378	5.478	4.209	3.834
3.992	5.427	3.937	2.786
6.37	4.563	5.929	5.438
4.971	6.749	6.169	5.299
4.858	3.761	4.613	4.818
7.412	3.464	6.965	5.24
3.109	5.599	4.417	6.693
7.54	2.435	7.3	5.233
6.567	3.345	7.477	5.579
5.522	5.665	6.423	3.863
2.744	8.327	4.744	2.33
4.574	4.989	4.815	3.509
4.784	6.195	5.455	4.179
5.455	5.758	6.481	3.432
5.939	4.622	6.496	4.432
5.228	4.15	5.822	5.438
6.357	4.73	6.392	3.14
7.091	3.736	5.986	4.745
7.046	5.328	7.188	4.283
6.024	3.639	5.989	4.218
6.37	4.563	5.929	5.438
6.024	3.639	5.989	4.218
3.872	3.616	3.995	4.272
4.116	6.628	4.765	1.825
6.238	3.044	5.62	4.251
3.626	5.223	4.369	5.497
7.046	5.328	7.188	4.283
5.713	4.105	6.66	5.147
5.713	4.105	6.66	5.147
5.706	4.858	6.498	6.474
4.707	3.972	4.649	5.317
4.574	4.989	4.815	3.509
6.357	4.73	6.392	3.14
4.147	5.948	5.062	5.989
5.199	5.793	6.307	5.462
6.37	4.563	5.929	5.438
5.522	5.665	6.423	3.863
3.441	6.51	4.285	3.105
3.405	5.062	3.883	6.65
6.972	4.548	7.41	6.221
6.024	3.639	5.989	4.218
6.861	3.503	6.019	4.445
3.961	4.616	4.695	3.003
6.804	3.209	6.888	4.706
5.993	4.477	6.106	4.236
6.475	3.337	6.848	5.359
5.116	3.126	6.863	6.117
3.115	5.532	4.013	4.409
5.939	4.622	6.496	4.432
6.37	4.563	5.929	5.438
6.37	4.563	5.929	5.438
6.737	3.685	6.796	5.169
6.542	3.894	6.249	4.366
5.939	4.622	6.496	4.432
5.569	4.585	5.297	4.83
7.273	2.387	6.706	4.797
5.522	5.665	6.423	3.863
6.214	2.856	5.987	4.746
5.939	4.622	6.496	4.432
2.738	5.443	3.816	4.382
5.515	4.926	5.617	4.657
3.514	5.591	3.855	6.265
5.199	5.793	6.307	5.462
5.522	5.665	6.423	3.863
2.107	3.82	2.439	7.158
5.481	3.993	5.616	6.369
3.235	4.862	3.091	6.19
3.005	8.258	4.911	3.457
3.689	3.708	3.623	4.101
5.69	3.97	4.881	5.724
3.509	4.704	4.133	5.484
6.238	3.044	5.62	4.251
5.797	4.091	5.699	5.135
3.962	5.275	5.699	4.39
7.091	3.736	5.986	4.745
7.289	3.8	7.265	4.787
4.574	4.989	4.815	3.509
4.623	4.342	5.173	4.369
5.696	4.726	5.905	6.341
5.696	4.726	5.905	6.341
5.134	5.723	5.238	5.814
5.502	5.024	5.313	3.168
7.091	3.736	5.986	4.745
4.362	3.392	4.852	4.393
7.091	3.736	5.986	4.745
5.78	5.444	6.667	5.157
3.259	6.968	4.861	2.667
6.024	3.639	5.989	4.218
7.835	3.721	7.662	5.381
3.618	4.361	4.764	5.212
6.311	3.192	5.013	5.528
5.199	5.793	6.307	5.462
2.93	6.251	4.151	8.329
5.363	4.012	5.313	4.67
5.334	6.08	6.128	3.023
7.091	3.736	5.986	4.745
3.912	8.188	5.905	1.827
4.517	4.543	5.262	4.377
4.517	4.543	5.262	4.377
3.073	6.165	3.88	3.995
7.862	5.398	7.852	4.671
5.968	5.739	4.358	4.014
7.03	2.327	6.369	4.835
4.883	5.789	5.638	4.887
6.024	3.639	5.989	4.218
6.985	3.51	7.598	5.264
7.026	2.102	5.55	4.818
6.909	2.974	7.064	5.296
2.36	5.772	3.481	4.281
2.36	5.772	3.481	4.281
3.687	6.19	5.403	5.827
3.976	4.569	5.282	7.011
5.656	5.776	5.865	3.425
5.656	5.776	5.865	3.425
3.687	6.19	5.403	5.827
6.278	3.063	6.567	4.827
6.067	2.83	4.609	4.408
3.854	5.238	5.183	6.088
3.854	5.238	5.183	6.088
5.063	4.759	5.547	2.461
6.049	2.075	5.37	4.642
7.609	4.068	7.125	4.251
6.505	2.987	5.655	4.892
6.179	3.006	5.175	4.642
6.503	2.985	5.452	5.017
4.858	3.761	4.613	4.818
8.808	3.783	7.521	6.445
6.615	5.048	6.592	4.666
8.339	3.594	7.845	5.475
7.609	4.068	7.125	4.251
4.707	3.972	4.649	5.317
6.192	4.199	7.418	4.915
4.539	4.076	4.98	5.08
4.395	4.355	4.273	5.373
7.046	5.328	7.188	4.283
4.686	2.579	5.145	4.874
6.066	3.556	6.53	5.712
4.962	6.017	6.615	3.658
5.636	4.982	6.324	4.788
7.301	4.84	7.403	4.138
6.186	4.984	6.34	5.237
6.839	3.441	5.467	5.605
6.839	3.441	5.467	5.605
6.839	3.441	5.467	5.605
4.163	4.451	3.82	6.747
5.458	4.581	6.069	6.565
6.024	3.757	6.682	5.911
5.939	4.622	6.496	4.432
6.727	4.099	6.672	5.592
4.174	4.587	4.543	3.806
4.883	5.789	5.638	4.887
6.37	4.563	5.929	5.438
6.908	4.347	6.607	6.137
4.645	4.423	5.334	4.554
3.453	4.897	3.471	6.258
6.186	4.984	6.34	5.237
3.324	5.402	4.144	6.562
5.584	6.962	6.252	4.623
5.759	4.802	5.102	5.005
4.929	4.21	6.184	6.092
5.698	4.764	5.546	4.532
6.336	3.325	6.572	6.677
4.362	3.392	4.852	4.393
4.565	4.586	4.895	5.688
4.883	5.789	5.638	4.887
6.585	4.392	6.426	4.262
4.565	4.586	4.895	5.688
4.565	4.586	4.895	5.688
4.268	4.968	4.963	7.012
4.268	4.968	4.963	7.012
4.565	4.586	4.895	5.688
4.268	4.968	4.963	7.012
5.797	4.091	5.699	5.135
5.459	5.185	5.775	3.845
5.533	3.134	4.63	5.229
6.645	3.738	6.575	3.981
6.37	4.563	5.929	5.438
4.457	3.852	5.013	6.252
6.007	4.623	5.946	4.233
4.038	3.647	4.071	4.756
3.834	5.072	3.938	4.943
4.768	4.429	4.675	4.864
5.459	5.185	5.775	3.845
5.78	5.444	6.667	5.157
3.673	3.686	2.541	4.269
6.357	4.73	6.392	3.14
4.569	4.657	4.836	6.11
5.063	4.759	5.547	2.461
4.623	4.342	5.173	4.369
4.147	5.948	5.062	5.989
5.455	5.758	6.481	3.432
5.063	4.759	5.547	2.461
6.37	4.563	5.929	5.438
7.609	4.068	7.125	4.251
5.988	4.959	5.881	4.869
4.88	5.747	5.546	5.655
5.146	5.286	6.293	2.921
4.213	4.204	4.565	5.977
4.213	4.204	4.565	5.977
6.276	4.819	6.88	6.37
4.962	6.017	6.615	3.658
6.409	3.334	6.307	6.068
3.705	3.768	3.197	4.364
5.939	4.622	6.496	4.432
4.574	4.989	4.815	3.509
4.362	3.392	4.852	4.393
6.276	4.819	6.88	6.37
3.425	6.892	5.196	5.529
6.737	3.685	6.796	5.169
5.713	4.105	6.66	5.147
5.713	4.105	6.66	5.147
4.533	4.993	5.285	5.366
4.857	4.854	6.762	4.5
6.0	4.955	6.241	3.985
5.052	2.406	4.216	5.717
4.409	5.8	5.71	4.249
3.857	4.373	3.966	4.809
3.857	4.373	3.966	4.809
3.857	4.373	3.966	4.809
4.539	4.076	4.98	5.08
5.636	4.982	6.324	4.788
6.451	3.77	6.061	5.775
4.362	3.392	4.852	4.393
5.505	5.35	5.591	4.115
7.183	3.905	7.072	6.455
6.438	4.861	6.64	4.959
5.939	4.622	6.496	4.432
3.272	5.082	5.086	2.77
7.506	3.773	7.162	4.272
4.962	6.017	6.615	3.658
6.486	2.575	5.344	4.533
5.455	5.758	6.481	3.432
5.455	5.758	6.481	3.432
5.759	4.802	5.102	5.005
5.759	4.802	5.102	5.005
7.091	3.736	5.986	4.745
4.574	4.989	4.815	3.509
3.687	6.19	5.403	5.827
6.092	5.323	7.816	5.462
4.744	4.866	4.828	5.372
6.092	5.323	7.816	5.462
6.37	4.563	5.929	5.438
5.656	5.776	5.865	3.425
4.862	4.398	5.314	5.362
6.083	4.592	5.876	5.827
6.083	4.592	5.876	5.827
6.37	4.563	5.929	5.438
4.349	5.486	5.663	4.534
8.339	3.594	7.845	5.475
2.739	7.114	3.579	2.938
5.65	4.993	6.359	4.211
6.737	3.685	6.796	5.169
5.271	5.207	5.893	4.191
3.538	5.733	4.022	5.198
8.339	3.594	7.845	5.475
6.554	3.069	6.374	6.241
4.339	3.985	4.452	4.135
5.063	4.759	5.547	2.461
3.815	5.46	4.978	5.165
7.091	3.736	5.986	4.745
6.024	3.639	5.989	4.218
6.154	2.243	5.326	4.664
6.024	3.639	5.989	4.218
5.455	5.758	6.481	3.432
5.586	6.482	6.063	2.452
4.768	4.429	4.675	4.864
5.678	4.678	6.399	4.344
5.486	3.946	5.793	5.84
6.37	4.563	5.929	5.438
8.339	3.594	7.845	5.475
7.301	4.84	7.403	4.138
4.423	3.502	4.824	4.011
5.459	5.185	5.775	3.845
5.271	5.207	5.893	4.191
7.091	3.736	5.986	4.745
7.609	4.068	7.125	4.251
5.146	5.286	6.293	2.921
3.622	4.675	4.29	6.815
3.702	5.561	4.278	3.475
6.37	4.563	5.929	5.438
3.617	4.031	3.818	5.883
3.617	4.031	3.818	5.883
5.26	4.229	5.713	5.527
5.797	4.091	5.699	5.135
2.967	4.772	3.718	4.692
1.721	4.785	3.367	6.299
4.574	4.989	4.815	3.509
4.858	3.761	4.613	4.818
5.363	4.012	5.313	4.67
6.353	3.109	6.089	4.868
6.551	3.845	7.354	6.319
5.363	4.012	5.313	4.67
5.019	7.843	6.362	3.425
6.077	1.852	4.866	4.22
4.858	3.761	4.613	4.818
3.946	6.558	3.58	3.81
6.024	3.639	5.989	4.218
4.574	4.989	4.815	3.509
3.946	6.558	3.58	3.81
4.707	3.972	4.649	5.317
7.337	2.618	5.808	4.882
6.573	3.312	7.022	5.407
5.414	5.602	5.679	3.832
2.11	5.638	2.616	7.062
6.505	2.987	5.655	4.892
4.735	5.166	4.84	4.828
7.503	5.354	7.948	5.193
5.087	4.702	5.915	5.442
6.737	3.685	6.796	5.169
6.737	3.685	6.796	5.169
6.737	3.685	6.796	5.169
4.858	3.761	4.613	4.818
6.585	4.392	6.426	4.262
2.865	6.463	3.34	2.809
4.744	4.866	4.828	5.372
3.872	3.616	3.995	4.272
5.797	4.091	5.699	5.135
5.713	4.105	6.66	5.147
7.091	3.736	5.986	4.745
4.625	5.24	5.234	6.516
6.978	4.569	6.6	7.088
5.797	4.091	5.699	5.135
6.978	4.569	6.6	7.088
5.189	5.429	6.278	7.127
6.37	4.563	5.929	5.438
5.984	4.557	6.901	6.185
2.731	4.866	4.696	6.435
8.339	3.594	7.845	5.475
8.339	3.594	7.845	5.475
7.155	4.594	6.879	4.979
2.707	4.481	2.812	5.386
3.115	5.532	4.013	4.409
4.693	4.963	5.287	1.989
5.479	5.143	5.202	5.557
7.342	6.767	7.694	4.877
6.37	4.563	5.929	5.438
6.013	6.443	7.03	5.927
4.92	4.464	5.497	7.06
6.052	6.708	7.505	4.167
5.455	5.758	6.481	3.432
5.403	3.974	5.844	6.412
6.662	3.481	6.603	6.813
3.626	5.223	4.369	5.497
4.574	4.989	4.815	3.509
4.574	4.989	4.815	3.509
4.53	4.234	4.924	4.694
4.419	4.687	4.749	3.858
5.063	4.759	5.547	2.461
4.362	3.392	4.852	4.393
3.854	4.223	4.329	5.363
3.272	5.082	5.086	2.77
4.693	4.963	5.287	1.989
3.854	4.223	4.329	5.363
6.357	4.73	6.392	3.14
4.517	4.543	5.262	4.377
6.024	3.639	5.989	4.218
5.093	5.199	5.314	4.806
4.904	4.158	5.12	4.355
3.833	4.01	3.966	4.852
5.599	4.268	4.272	5.547
5.064	4.72	5.187	6.996
5.271	5.207	5.893	4.191
3.854	4.223	4.329	5.363
6.37	4.563	5.929	5.438
8.339	3.594	7.845	5.475
6.024	3.639	5.989	4.218
5.338	4.201	5.412	6.327
6.37	4.563	5.929	5.438
4.962	6.017	6.615	3.658
5.383	4.814	4.896	4.191
5.525	3.191	5.604	4.412
8.339	3.594	7.845	5.475
7.609	4.068	7.125	4.251
5.01	2.951	5.208	5.01
4.582	4.601	4.267	4.38
5.063	4.759	5.547	2.461
8.339	3.594	7.845	5.475
6.832	3.126	6.242	5.299
7.949	2.925	7.653	6.101
7.091	3.736	5.986	4.745
4.574	4.989	4.815	3.509
5.363	4.012	5.313	4.67
3.115	5.532	4.013	4.409
4.763	4.57	5.399	5.753
4.838	3.787	4.353	6.606
3.854	4.223	4.329	5.363
5.334	6.08	6.128	3.023
4.658	4.822	5.727	5.407
5.939	4.622	6.496	4.432
7.715	2.95	7.214	5.21
5.873	4.334	5.278	4.923
3.849	4.112	3.615	5.543
3.992	5.427	3.937	2.786
4.3	4.023	3.799	5.025
6.276	4.819	6.88	6.37
4.375	4.365	5.021	6.475
4.962	6.017	6.615	3.658
3.872	3.616	3.995	4.272
4.857	4.854	6.762	4.5
3.843	2.822	3.548	3.565
3.964	4.368	4.848	5.293
7.924	3.067	6.795	5.491
5.283	3.583	3.595	4.987
6.37	4.563	5.929	5.438
5.939	4.622	6.496	4.432
5.459	5.185	5.775	3.845
7.396	6.305	7.792	3.679
4.629	5.384	4.069	3.654
6.596	1.972	5.094	4.115
3.757	3.569	4.313	3.821
5.427	5.435	5.843	3.506
5.763	3.5	5.066	3.79
4.618	4.553	4.115	4.296
4.618	4.553	4.115	4.296
3.272	5.082	5.086	2.77
5.763	3.5	5.066	3.79
6.37	4.563	5.929	5.438
6.37	4.563	5.929	5.438
6.145	4.854	5.769	4.956
7.091	3.736	5.986	4.745
5.755	3.993	5.638	4.849
4.669	3.238	4.086	4.637
6.686	4.485	6.034	3.998
4.264	3.198	3.667	5.378
5.88	4.954	6.275	5.938
6.024	3.639	5.989	4.218
3.087	4.083	2.907	3.223
5.383	4.814	4.896	4.191
6.277	2.752	5.342	5.644
5.436	2.662	5.471	4.949
7.091	3.736	5.986	4.745
5.797	4.091	5.699	5.135
6.422	4.279	5.867	3.007
7.668	4.355	7.513	5.837
6.186	4.984	6.34	5.237
7.668	4.355	7.513	5.837
4.362	3.392	4.852	4.393
3.914	4.792	4.251	6.339
6.298	4.041	6.962	4.706
6.408	3.401	5.734	4.941
7.064	3.775	6.564	4.012
5.147	3.393	4.767	4.418
4.444	3.894	5.54	5.764
4.444	3.894	5.54	5.764
3.872	3.616	3.995	4.272
7.301	4.84	7.403	4.138
4.532	4.256	5.865	5.041
4.532	4.256	5.865	5.041
7.31	2.561	6.208	4.843
4.858	3.761	4.613	4.818
5.797	4.091	5.699	5.135
5.988	4.959	5.881	4.869
5.57	5.081	6.23	5.283
5.522	5.665	6.423	3.863
6.333	3.775	5.532	4.795
6.333	3.775	5.532	4.795
4.517	4.543	5.262	4.377
5.534	5.199	5.58	4.461
6.024	3.639	5.989	4.218
6.278	3.063	6.567	4.827
6.278	3.063	6.567	4.827
7.091	3.736	5.986	4.745
6.024	3.639	5.989	4.218
4.707	3.972	4.649	5.317
5.797	4.091	5.699	5.135
5.939	4.622	6.496	4.432
4.962	6.017	6.615	3.658
4.574	4.989	4.815	3.509
3.554	4.997	3.997	2.279
3.341	5.245	4.453	3.938
3.992	5.427	3.937	2.786
5.689	6.974	6.171	2.246
5.939	4.622	6.496	4.432
5.459	5.185	5.775	3.845
3.854	4.223	4.329	5.363
7.558	2.695	7.256	6.018
4.707	3.972	4.649	5.317
4.213	4.204	4.565	5.977
3.443	4.953	4.136	4.337
5.455	5.758	6.481	3.432
5.883	4.736	5.401	4.313
4.768	4.429	4.675	4.864
6.685	2.889	6.602	5.902
7.841	3.923	8.202	5.967
3.626	5.223	4.369	5.497
6.821	3.95	6.58	5.382
7.091	3.736	5.986	4.745
5.988	4.959	5.881	4.869
5.988	4.959	5.881	4.869
8.339	3.594	7.845	5.475
5.795	3.483	4.763	4.473
4.104	4.948	3.512	5.167
7.091	3.736	5.986	4.745
5.65	4.993	6.359	4.211
5.698	4.764	5.546	4.532
4.784	6.195	5.455	4.179
4.768	3.744	3.97	4.428
5.374	3.483	4.226	5.159
3.849	4.355	4.489	5.745
6.37	4.563	5.929	5.438
2.939	4.589	3.627	5.089
5.988	4.959	5.881	4.869
4.131	4.123	4.519	5.385
5.627	3.814	5.083	5.574
5.627	3.814	5.083	5.574
5.454	3.673	4.245	5.758
6.314	3.726	5.979	5.008
7.668	3.66	6.737	4.514
3.955	7.168	5.105	3.503
6.631	4.235	5.213	4.651
5.201	3.737	6.398	5.133
3.946	6.558	3.58	3.81
4.517	4.543	5.262	4.377
5.943	5.629	6.169	3.2
4.105	7.917	4.883	1.977
5.943	5.629	6.169	3.2
4.105	7.917	4.883	1.977
5.228	4.15	5.822	5.438
7.301	4.84	7.403	4.138
5.713	4.105	6.66	5.147
5.939	4.622	6.496	4.432
6.37	4.563	5.929	5.438
6.024	3.639	5.989	4.218
7.091	3.736	5.986	4.745
7.576	3.21	6.56	4.224
4.768	4.429	4.675	4.864
4.574	4.989	4.815	3.509
5.459	5.185	5.775	3.845
4.539	4.686	5.441	3.562
4.574	4.989	4.815	3.509
6.463	3.916	6.875	5.978
6.463	3.916	6.875	5.978
5.797	4.091	5.699	5.135
4.952	4.108	5.474	4.813
6.186	4.984	6.34	5.237
5.988	4.959	5.881	4.869
5.522	5.665	6.423	3.863
2.474	5.029	2.928	3.777
5.228	4.15	5.822	5.438
5.455	5.758	6.481	3.432
5.505	5.35	5.591	4.115
4.539	4.686	5.441	3.562
4.857	4.854	6.762	4.5
5.271	5.207	5.893	4.191
6.357	4.73	6.392	3.14
5.57	5.081	6.23	5.283
5.455	5.758	6.481	3.432
3.272	5.082	5.086	2.77
4.904	4.158	5.12	4.355
3.146	5.024	3.73	4.838
4.857	4.854	6.762	4.5
4.574	4.989	4.815	3.509
3.146	5.024	3.73	4.838
6.37	4.563	5.929	5.438
4.574	4.989	4.815	3.509
3.626	5.223	4.369	5.497
5.473	4.618	5.791	5.475
3.272	5.082	5.086	2.77
4.565	4.586	4.895	5.688
6.432	3.889	6.734	5.924
6.432	3.889	6.734	5.924
6.432	3.889	6.734	5.924
4.857	4.854	6.762	4.5
6.37	4.563	5.929	5.438
6.251	4.091	6.51	5.465
6.1	3.876	5.785	5.381
6.251	4.091	6.51	5.465
5.426	2.363	5.233	5.523
3.687	6.19	5.403	5.827
3.469	5.244	3.926	4.543
4.496	4.31	3.682	3.744
3.134	4.345	5.192	6.578
3.992	5.427	3.937	2.786
6.502	5.481	6.716	6.395
4.836	3.995	3.97	4.844
7.091	3.736	5.986	4.745
6.357	4.73	6.392	3.14
3.439	6.165	4.511	5.562
6.37	4.563	5.929	5.438
3.25	2.847	3.497	5.01
2.609	5.148	3.872	4.509
6.016	4.364	6.741	4.05
5.604	4.325	6.263	3.801
6.024	3.639	5.989	4.218
7.609	4.068	7.125	4.251
5.522	5.665	6.423	3.863
5.78	5.444	6.667	5.157
5.522	5.665	6.423	3.863
7.609	4.068	7.125	4.251
7.506	3.773	7.162	4.272
8.339	3.594	7.845	5.475
7.091	3.736	5.986	4.745
6.702	4.872	6.311	4.842
6.747	2.712	7.055	3.053
5.455	5.758	6.481	3.432
6.276	4.819	6.88	6.37
5.797	4.091	5.699	5.135
7.301	4.84	7.403	4.138
5.587	4.247	6.075	6.211
5.799	4.431	5.198	4.196
5.883	4.736	5.401	4.313
8.339	3.594	7.845	5.475
3.626	5.223	4.369	5.497
5.477	4.307	5.587	4.569
6.701	2.948	6.123	4.091
6.357	4.73	6.392	3.14
4.858	3.761	4.613	4.818
4.809	4.122	4.276	5.456
4.472	4.524	4.104	5.028
6.505	2.987	5.655	4.892
5.939	4.622	6.496	4.432
6.37	4.563	5.929	5.438
5.161	5.163	4.789	3.563
5.459	5.185	5.775	3.845
5.188	4.101	5.785	4.985
5.522	5.665	6.423	3.863
4.476	4.51	4.988	6.131
6.26	4.137	5.652	6.339
5.797	4.091	5.699	5.135
4.582	4.601	4.267	4.38
4.623	4.342	5.173	4.369
5.713	4.105	6.66	5.147
6.585	4.392	6.426	4.262
6.024	3.639	5.989	4.218
5.712	5.663	6.218	3.579
6.37	4.563	5.929	5.438
7.091	3.736	5.986	4.745
5.61	4.229	6.854	5.748
5.363	4.012	5.313	4.67
5.262	5.064	6.044	3.078
6.477	5.022	6.709	6.633
6.477	5.022	6.709	6.633
6.477	5.022	6.709	6.633
6.37	4.563	5.929	5.438
5.113	6.57	6.384	5.182
7.091	3.736	5.986	4.745
6.238	3.044	5.62	4.251
6.336	4.402	6.512	3.937
7.091	3.736	5.986	4.745
7.094	3.094	7.609	5.535
5.751	3.915	5.81	6.018
2.97	6.02	4.419	2.532
5.009	4.804	6.42	6.012
7.091	3.736	5.986	4.745
5.797	4.091	5.699	5.135
3.174	6.483	4.301	6.618
4.908	5.638	6.478	5.843
5.57	5.081	6.23	5.283
6.318	4.907	6.275	3.414
3.272	5.082	5.086	2.77
7.091	3.736	5.986	4.745
6.024	3.639	5.989	4.218
6.344	2.547	6.398	4.144
7.609	4.068	7.125	4.251
6.357	4.73	6.392	3.14
6.022	3.999	6.351	7.172
5.826	5.667	4.699	4.274
7.576	3.21	6.56	4.224
7.576	3.21	6.56	4.224
6.673	4.072	7.759	5.654
4.731	5.248	5.037	5.922
8.808	3.783	7.521	6.445
7.848	4.771	8.096	7.351
3.946	6.558	3.58	3.81
2.574	5.802	5.326	7.646
4.517	4.543	5.262	4.377
6.37	4.563	5.929	5.438
3.854	4.223	4.329	5.363
6.024	3.639	5.989	4.218
6.024	3.639	5.989	4.218
6.06	2.557	5.43	4.521
2.573	8.375	4.269	2.547
5.768	2.153	4.705	4.871
5.296	3.098	5.722	5.55
6.141	2.539	5.277	3.561
4.543	4.542	4.771	3.857
5.455	5.758	6.481	3.432
5.296	3.098	5.722	5.55
5.296	3.098	5.722	5.55
5.505	5.35	5.591	4.115
4.623	4.342	5.173	4.369
5.515	4.926	5.617	4.657
6.37	4.563	5.929	5.438
6.579	5.501	6.802	4.97
7.091	3.736	5.986	4.745
7.091	3.736	5.986	4.745
5.826	6.065	6.06	2.093
5.807	4.724	5.266	5.323
5.459	5.185	5.775	3.845
3.626	5.223	4.369	5.497
5.455	5.758	6.481	3.432
4.962	6.017	6.615	3.658
5.698	4.764	5.546	4.532
5.698	4.764	5.546	4.532
6.357	4.73	6.392	3.14
6.37	4.563	5.929	5.438
4.362	3.392	4.852	4.393
5.419	3.653	4.111	5.724
7.091	3.736	5.986	4.745
7.091	3.736	5.986	4.745
5.584	6.962	6.252	4.623
3.041	5.227	4.546	6.472
3.703	4.193	4.96	4.008
6.657	3.642	6.967	5.634
3.854	4.223	4.329	5.363
5.505	5.35	5.591	4.115
7.091	3.736	5.986	4.745
3.364	5.772	3.998	2.726
2.36	5.772	3.481	4.281
3.364	5.772	3.998	2.726
3.893	4.882	3.65	5.488
3.405	8.17	4.23	2.008
4.517	4.543	5.262	4.377
5.455	5.758	6.481	3.432
4.49	2.985	4.546	6.229
6.024	3.639	5.989	4.218
6.585	4.392	6.426	4.262
5.584	6.962	6.252	4.623
6.1	3.876	5.785	5.381
5.988	4.959	5.881	4.869
6.186	4.984	6.34	5.237
5.271	5.207	5.893	4.191
7.091	3.736	5.986	4.745
3.353	5.39	4.996	7.26
6.505	2.987	5.655	4.892
6.37	4.563	5.929	5.438
6.39	3.984	6.283	5.386
6.37	4.563	5.929	5.438
3.662	6.287	4.804	5.775
4.707	3.972	4.649	5.317
3.272	5.082	5.086	2.77
6.302	3.408	5.568	5.411
3.27	7.91	4.312	2.43
7.195	4.234	6.229	5.253
5.116	3.126	6.863	6.117
4.707	3.972	4.649	5.317
4.863	3.206	3.824	4.762
4.883	5.789	5.638	4.887
5.137	3.049	3.743	5.625
5.137	3.049	3.743	5.625
4.883	5.789	5.638	4.887
5.056	3.918	4.657	5.906
4.517	4.543	5.262	4.377
4.478	4.723	4.511	3.562
4.478	4.723	4.511	3.562
5.939	4.622	6.496	4.432
4.66	3.185	5.441	5.992
3.854	4.223	4.329	5.363
6.26	4.137	5.652	6.339
5.438	6.045	7.211	4.787
4.505	4.954	5.845	4.609
4.505	4.954	5.845	4.609
4.067	4.969	4.844	5.953
3.946	6.558	3.58	3.81
5.274	4.632	6.54	1.822
3.631	5.106	4.336	4.268
3.631	5.106	4.336	4.268
4.574	4.989	4.815	3.509
6.024	3.639	5.989	4.218
4.904	4.158	5.12	4.355
7.301	4.84	7.403	4.138
5.383	4.814	4.896	4.191
6.737	3.685	6.796	5.169
4.871	5.29	5.48	4.82
6.238	3.044	5.62	4.251
5.729	4.315	6.478	3.314
5.363	5.099	5.568	5.91
4.878	5.16	6.09	6.186
6.411	2.926	5.388	5.546
5.57	5.081	6.23	5.283
7.046	5.328	7.188	4.283
4.362	4.087	3.641	4.454
8.339	3.594	7.845	5.475
6.37	4.563	5.929	5.438
5.116	5.885	6.627	5.829
5.42	3.875	5.209	4.572
5.877	4.455	6.323	5.874
4.517	4.543	5.262	4.377
3.687	6.19	5.403	5.827
7.052	4.244	7.392	5.644
6.37	4.563	5.929	5.438
6.221	4.195	6.139	6.274
6.221	4.195	6.139	6.274
5.253	4.425	5.711	5.248
5.518	4.368	4.885	4.667
3.734	4.034	3.852	5.815
3.734	4.034	3.852	5.815
3.734	4.034	3.852	5.815
6.024	3.639	5.989	4.218
6.024	3.639	5.989	4.218
7.396	6.305	7.792	3.679
6.186	4.984	6.34	5.237
8.339	3.594	7.845	5.475
4.163	4.451	3.82	6.747
6.596	1.972	5.094	4.115
4.049	4.971	4.037	4.393
5.271	5.207	5.893	4.191
5.553	3.665	5.625	5.231
5.553	3.665	5.625	5.231
8.339	3.594	7.845	5.475
6.024	3.639	5.989	4.218
6.357	4.73	6.392	3.14
4.904	4.158	5.12	4.355
6.024	3.639	5.989	4.218
5.363	4.012	5.313	4.67
5.593	4.08	6.212	2.968
4.362	3.392	4.852	4.393
4.969	5.063	6.174	5.37
4.583	4.262	4.516	5.986
7.301	4.84	7.403	4.138
4.509	3.993	4.245	4.445
4.509	3.993	4.245	4.445
5.051	4.74	5.917	4.821
6.024	3.639	5.989	4.218
6.024	3.639	5.989	4.218
4.707	3.972	4.649	5.317
6.186	4.984	6.34	5.237
6.649	3.825	5.968	4.526
6.649	3.825	5.968	4.526
6.551	3.845	7.354	6.319
4.505	4.954	5.845	4.609
5.363	4.012	5.313	4.67
3.946	6.558	3.58	3.81
3.552	4.907	3.723	4.019
6.678	5.432	7.522	5.35
6.573	3.312	7.022	5.407
4.361	3.472	4.836	4.333
3.288	5.061	4.486	6.079
6.899	4.649	6.753	4.782
6.37	4.563	5.929	5.438
5.478	4.104	4.9	3.0
4.857	4.854	6.762	4.5
4.839	3.798	4.959	5.064
6.843	3.602	7.214	5.568
2.748	4.343	2.423	5.349
5.366	4.99	6.375	6.491
7.052	4.244	7.392	5.644
7.094	3.094	7.609	5.535
5.104	4.231	6.273	4.924
5.25	5.523	5.88	4.387
5.459	5.185	5.775	3.845
4.962	6.017	6.615	3.658
4.562	4.038	3.418	4.867
2.93	7.92	4.542	3.075
5.518	4.368	4.885	4.667
3.135	6.403	4.531	2.897
6.357	4.73	6.392	3.14
4.582	4.601	4.267	4.38
6.37	4.563	5.929	5.438
4.163	4.451	3.82	6.747
5.522	5.665	6.423	3.863
5.229	4.947	5.666	5.272
5.17	5.773	5.66	6.257
5.455	5.758	6.481	3.432
4.147	5.948	5.062	5.989
4.313	4.29	3.778	4.676
6.825	4.589	6.628	6.091
4.157	3.012	3.263	5.034
7.342	6.767	7.694	4.877
3.48	4.909	3.788	4.249
5.026	4.28	4.99	5.079
5.134	5.723	5.238	5.814
6.81	3.846	6.872	5.45
6.81	3.846	6.872	5.45
6.755	4.181	6.53	2.893
5.287	4.488	6.043	4.892
3.139	5.273	4.472	5.625
3.687	6.19	5.403	5.827
3.733	4.28	3.847	5.484
3.733	4.28	3.847	5.484
6.048	4.436	6.794	5.312
6.048	4.436	6.794	5.312
2.802	6.014	3.794	6.369
6.238	3.044	5.62	4.251
4.582	4.601	4.267	4.38
5.945	4.571	7.065	5.986
5.945	4.571	7.065	5.986
4.582	4.601	4.267	4.38
2.863	8.884	4.774	0.874
4.441	5.817	4.294	4.544
7.609	4.068	7.125	4.251
4.592	8.133	5.379	2.691
5.57	5.081	6.23	5.283
4.155	3.779	4.641	4.738
6.067	2.83	4.609	4.408
6.067	2.83	4.609	4.408
5.134	5.723	5.238	5.814
5.134	5.723	5.238	5.814
3.156	3.771	3.707	5.747
4.384	5.285	4.324	4.58
4.769	5.792	4.935	4.466
4.385	4.8	4.686	5.222
5.459	5.185	5.775	3.845
6.37	4.563	5.929	5.438
6.186	4.984	6.34	5.237
4.768	3.744	3.97	4.428
3.272	5.082	5.086	2.77
7.046	5.328	7.188	4.283
5.253	4.425	5.711	5.248
6.195	4.149	6.1	5.206
6.195	4.149	6.1	5.206
4.22	3.904	5.072	5.715
6.692	4.479	6.907	5.113
5.034	4.271	5.522	5.297
5.034	4.271	5.522	5.297
6.37	4.563	5.929	5.438
5.678	4.678	6.399	4.344
4.28	3.892	5.673	4.26
5.584	6.962	6.252	4.623
4.883	5.789	5.638	4.887
4.906	3.307	4.343	5.319
6.37	4.563	5.929	5.438
5.57	5.081	6.23	5.283
6.357	4.73	6.392	3.14
4.221	5.022	4.576	3.897
6.024	3.639	5.989	4.218
7.091	3.736	5.986	4.745
5.706	4.858	6.498	6.474
5.57	5.081	6.23	5.283
5.455	5.758	6.481	3.432
5.713	4.105	6.66	5.147
7.342	3.653	6.534	5.516
7.342	3.653	6.534	5.516
6.902	4.452	6.213	5.715
6.902	4.452	6.213	5.715
6.689	4.241	7.34	5.991
6.689	4.241	7.34	5.991
5.644	5.936	6.76	2.334
3.687	6.19	5.403	5.827
6.37	4.563	5.929	5.438
7.091	3.736	5.986	4.745
8.339	3.594	7.845	5.475
5.455	5.758	6.481	3.432
4.339	3.985	4.452	4.135
4.784	6.195	5.455	4.179
4.862	6.024	5.737	5.873
6.357	4.73	6.392	3.14
4.582	4.601	4.267	4.38
5.505	5.35	5.591	4.115
4.969	5.063	6.174	5.37
3.115	5.532	4.013	4.409
5.555	5.783	5.84	2.622
5.271	5.207	5.893	4.191
4.625	5.24	5.234	6.516
5.698	4.764	5.546	4.532
4.784	6.195	5.455	4.179
5.635	4.41	4.627	4.416
3.822	6.787	4.094	2.63
4.623	4.342	5.173	4.369
5.505	5.35	5.591	4.115
3.715	4.872	4.977	7.107
3.715	4.872	4.977	7.107
5.556	4.91	6.45	5.62
5.229	6.672	6.327	3.136
3.854	4.223	4.329	5.363
4.362	3.392	4.852	4.393
6.561	5.005	7.819	5.366
4.962	6.017	6.615	3.658
4.883	5.789	5.638	4.887
6.186	4.984	6.34	5.237
8.339	3.594	7.845	5.475
6.505	2.987	5.655	4.892
4.663	5.049	5.226	5.463
2.369	6.928	4.15	5.827
6.37	4.563	5.929	5.438
6.505	2.987	5.655	4.892
3.272	5.082	5.086	2.77
4.733	7.88	5.115	1.747
3.946	6.558	3.58	3.81
4.361	3.796	3.337	5.167
5.217	4.34	5.997	4.709
6.495	3.216	6.082	5.228
1.998	4.126	3.219	4.95
7.301	4.84	7.403	4.138
4.362	3.392	4.852	4.393
6.238	3.044	5.62	4.251
6.039	3.215	5.59	4.134
6.024	3.639	5.989	4.218
6.077	1.852	4.866	4.22
3.139	5.273	4.472	5.625
5.271	5.207	5.893	4.191
8.339	3.594	7.845	5.475
7.609	4.068	7.125	4.251
4.019	2.845	4.067	4.022
3.272	5.082	5.086	2.77
4.883	5.789	5.638	4.887
4.877	4.722	4.931	4.929
5.654	5.901	6.756	5.921
6.652	2.167	5.589	4.403
4.3	4.023	3.799	5.025
5.271	5.207	5.893	4.191
5.271	5.207	5.893	4.191
2.8	5.082	4.054	7.867
5.342	3.861	4.76	5.453
5.342	3.861	4.76	5.453
4.723	4.0	4.967	4.28
4.877	4.722	4.931	4.929
5.228	4.15	5.822	5.438
4.623	4.342	5.173	4.369
5.455	5.758	6.481	3.432
4.53	4.234	4.924	4.694
4.621	4.311	4.139	4.364
6.186	4.984	6.34	5.237
6.186	4.984	6.34	5.237
8.339	3.594	7.845	5.475
5.388	4.896	5.848	5.066
2.895	3.633	3.731	3.796
4.382	3.029	3.936	3.621
4.904	4.158	5.12	4.355
6.187	3.997	5.627	4.331
5.478	4.104	4.9	3.0
4.361	3.472	4.836	4.333
4.264	4.598	4.514	5.003
5.271	5.207	5.893	4.191
6.737	3.685	6.796	5.169
3.872	3.616	3.995	4.272
4.569	4.657	4.836	6.11
4.814	3.539	4.783	5.207
4.838	3.787	4.353	6.606
4.362	3.392	4.852	4.393
4.582	4.601	4.267	4.38
6.585	4.392	6.426	4.262
7.017	2.253	6.418	5.125
6.543	3.704	5.874	5.068
5.939	4.622	6.496	4.432
6.083	4.592	5.876	5.827
7.26	3.061	7.393	5.758
4.962	6.017	6.615	3.658
4.969	5.063	6.174	5.37
3.211	4.243	3.805	4.658
4.883	5.789	5.638	4.887
6.186	4.984	6.34	5.237
7.176	2.788	7.048	5.517
4.363	4.406	5.683	5.129
4.646	4.768	5.467	7.837
4.646	4.768	5.467	7.837
5.751	3.915	5.81	6.018
5.751	3.915	5.81	6.018
6.37	4.563	5.929	5.438
5.363	4.012	5.313	4.67
6.689	4.241	7.34	5.991
3.689	4.281	5.853	7.496
6.37	4.563	5.929	5.438
4.143	4.626	4.831	6.842
5.741	5.61	6.719	5.417
3.942	7.747	5.555	3.187
3.942	7.747	5.555	3.187
5.366	4.99	6.375	6.491
4.768	4.429	4.675	4.864
5.284	3.299	5.332	5.093
4.419	4.687	4.749	3.858
6.6	4.345	6.663	6.141
8.339	3.594	7.845	5.475
4.08	6.912	3.879	5.597
4.362	3.392	4.852	4.393
4.66	3.185	5.441	5.992
4.66	3.185	5.441	5.992
4.892	5.278	4.64	5.732
3.527	6.303	4.842	3.701
6.045	4.807	6.298	5.538
4.962	6.017	6.615	3.658
6.927	4.35	7.092	5.554
6.927	4.35	7.092	5.554
7.046	5.328	7.188	4.283
6.357	4.73	6.392	3.14
3.918	4.711	4.492	4.223
3.992	5.427	3.937	2.786
4.621	4.311	4.139	4.364
1.764	4.971	2.192	7.67
6.024	3.639	5.989	4.218
6.28	4.114	6.512	5.397
8.339	3.594	7.845	5.475
6.585	4.392	6.426	4.262
6.088	3.923	6.105	5.308
5.455	5.758	6.481	3.432
5.598	5.229	5.95	5.441
4.362	3.392	4.852	4.393
3.854	4.223	4.329	5.363
7.317	5.278	7.771	7.076
5.522	5.665	6.423	3.863
5.183	3.512	5.385	5.513
5.938	5.129	6.855	4.408
5.938	5.129	6.855	4.408
5.939	4.622	6.496	4.432
6.357	4.73	6.392	3.14
5.939	4.622	6.496	4.432
5.869	4.475	6.175	5.084
5.57	5.081	6.23	5.283
6.368	2.428	5.44	5.491
6.186	4.984	6.34	5.237
5.455	5.758	6.481	3.432
5.939	4.622	6.496	4.432
6.232	3.624	5.415	4.664
3.687	6.19	5.403	5.827
4.969	5.063	6.174	5.37
4.019	2.845	4.067	4.022
5.459	5.185	5.775	3.845
5.505	5.35	5.591	4.115
5.939	4.622	6.496	4.432
6.04	5.567	7.252	5.489
6.04	5.567	7.252	5.489
3.699	5.182	5.359	5.452
5.596	4.211	5.207	4.769
5.988	4.959	5.881	4.869
4.565	4.586	4.895	5.688
3.092	4.73	3.613	6.952
6.024	3.639	5.989	4.218
2.828	4.956	3.979	3.473
5.57	5.081	6.23	5.283
5.522	5.665	6.423	3.863
