4.168	6.605	4.971	2.203
5.613	2.834	4.997	3.814
4.339	6.137	4.757	4.877
4.691	5.121	4.374	5.474
6.273	3.835	6.437	5.985
5.706	4.901	5.163	4.455
4.206	8.063	4.726	3.166
5.775	5.233	5.918	5.57
6.197	3.448	5.967	5.404
3.803	4.179	4.982	6.624
3.824	3.943	3.948	4.871
4.261	4.35	3.86	6.386
4.416	3.102	4.526	4.669
3.28	4.192	3.042	4.544
4.691	3.757	6.273	5.105
2.727	4.127	4.159	5.864
4.918	3.908	5.435	6.718
6.842	4.612	7.429	6.608
6.069	3.586	5.746	5.998
8.216	4.563	8.489	5.933
6.3	5.845	6.948	5.337
6.389	3.36	6.621	4.714
4.603	3.411	4.297	6.101
4.656	1.972	4.681	5.938
3.403	2.894	3.977	5.942
4.224	5.21	4.925	6.193
2.046	2.632	3.022	5.741
4.574	2.579	4.203	4.304
6.581	3.881	7.226	5.767
3.957	4.091	4.451	5.916
7.795	1.724	7.63	5.367
4.021	5.117	4.751	4.626
5.222	4.417	6.062	5.929
6.828	5.303	8.313	5.599
6.402	3.142	6.589	6.703
5.629	4.653	6.013	5.578
4.717	5.271	5.64	2.917
5.089	4.579	5.959	4.59
5.897	3.791	5.431	5.036
6.347	3.862	6.464	5.688
5.297	4.531	5.67	5.355
6.09	3.692	6.53	4.771
4.843	5.985	5.059	4.933
1.37	4.853	3.104	5.104
3.243	5.238	3.472	6.402
6.711	3.57	6.304	6.519
6.09	3.692	6.53	4.771
6.824	3.453	7.31	6.062
5.779	3.565	6.215	4.91
1.863	6.091	3.434	6.109
3.375	4.175	3.627	5.566
6.148	5.141	5.421	5.571
5.428	4.843	4.167	5.628
3.431	4.133	2.927	6.538
5.353	3.763	4.251	5.173
4.065	4.343	4.624	5.255
3.454	3.703	2.975	5.373
2.496	4.741	3.291	6.56
3.429	4.146	3.45	5.725
3.577	4.345	4.157	6.475
2.56	8.724	4.483	1.841
5.467	4.185	6.078	7.551
5.519	4.808	5.646	5.138
6.658	3.519	6.199	5.673
2.799	4.307	2.996	5.336
6.562	3.873	7.565	5.606
5.097	4.665	5.89	5.577
3.399	4.593	4.026	5.716
6.433	4.56	6.536	5.605
5.703	7.946	5.92	2.819
4.954	6.564	5.327	3.384
4.834	5.862	5.314	6.157
2.077	5.387	4.208	7.728
3.637	4.968	4.943	6.534
3.325	3.834	4.496	6.267
4.939	3.824	4.476	5.526
5.177	3.149	4.555	4.903
5.497	2.723	5.462	5.401
7.092	3.763	7.029	5.771
7.525	5.68	7.114	2.184
7.714	3.141	7.735	4.904
5.486	2.943	5.479	4.942
2.651	4.709	4.428	7.956
3.702	6.303	5.364	6.24
5.395	1.894	4.491	4.942
4.808	4.649	4.283	4.945
5.933	6.486	7.12	6.596
3.804	3.776	5.608	5.776
5.825	2.927	5.411	6.671
4.859	4.388	5.004	4.83
3.662	6.287	4.804	5.775
2.67	4.117	3.326	5.406
4.041	3.12	4.397	5.534
4.755	3.659	3.838	6.423
5.154	4.357	4.565	4.994
5.192	3.541	5.573	4.245
3.109	5.599	4.417	6.693
5.458	3.656	6.0	5.296
3.966	5.109	5.177	6.451
4.95	4.507	5.226	4.24
4.157	4.234	4.897	5.696
6.217	5.753	6.591	3.899
4.735	3.77	4.791	6.526
4.145	5.394	4.918	4.362
3.073	6.165	3.88	3.995
6.345	1.39	5.851	5.06
5.293	3.286	5.915	5.745
5.403	5.127	5.255	2.807
3.854	5.238	5.183	6.088
6.377	4.289	6.234	6.4
8.127	2.76	8.237	6.506
6.971	3.95	6.978	5.98
5.342	2.937	6.72	6.62
5.999	4.977	6.652	4.628
4.522	3.928	4.874	5.612
3.633	4.335	3.797	5.77
3.442	3.708	4.221	6.709
3.606	4.122	4.244	6.265
4.706	3.624	4.454	6.627
5.554	3.941	5.957	6.367
5.151	4.364	7.081	7.014
4.279	6.824	5.908	4.712
7.075	4.949	7.763	5.852
5.762	6.48	5.816	3.216
6.335	4.478	7.58	6.913
3.048	3.583	3.521	5.156
4.674	4.65	6.18	6.941
3.815	5.46	4.978	5.165
5.275	3.25	5.121	5.068
6.185	3.954	7.329	5.451
4.325	4.289	5.596	6.117
4.959	7.379	5.136	1.791
2.23	5.719	3.521	4.32
6.285	4.055	7.062	5.93
6.21	4.193	5.886	6.653
5.01	2.797	4.984	5.896
5.03	3.553	6.551	6.601
6.765	5.023	6.62	4.465
7.012	3.601	7.095	6.013
6.472	2.394	6.781	5.465
6.563	6.45	6.668	3.949
5.571	3.634	5.889	5.999
4.69	4.509	5.642	4.573
6.381	5.418	7.851	6.997
4.131	4.123	4.519	5.385
4.194	3.141	4.093	6.691
3.674	4.543	3.675	5.882
4.232	7.62	5.591	2.806
3.391	6.233	3.608	5.206
3.862	3.556	2.722	5.461
4.886	2.745	4.738	5.452
6.432	3.889	6.734	5.924
3.785	5.507	5.955	7.287
2.793	5.18	5.126	7.684
3.246	8.116	4.425	1.996
4.18	3.407	4.056	6.135
3.229	5.015	5.707	5.737
3.172	4.765	3.447	2.36
6.423	3.448	7.615	5.904
5.183	3.89	5.228	6.467
5.768	2.153	4.705	4.871
5.028	4.05	5.985	5.658
5.421	3.937	6.189	7.022
5.73	5.649	6.676	7.388
4.999	3.993	5.438	6.313
3.873	4.608	3.972	4.394
4.294	4.616	4.869	3.021
4.868	4.988	4.994	6.428
1.718	6.337	4.775	6.973
3.734	4.034	3.852	5.815
6.862	4.396	6.709	5.09
5.368	3.291	5.869	5.939
4.583	4.262	4.516	5.986
7.164	2.046	6.676	5.678
4.439	3.03	4.855	5.185
3.441	4.463	3.948	6.296
5.481	4.221	5.859	6.652
3.511	5.356	3.537	2.486
4.909	4.586	4.872	5.282
3.244	4.116	3.856	5.68
3.744	3.715	4.21	5.72
5.744	4.687	6.582	5.013
7.13	5.137	7.191	3.323
6.668	2.426	5.956	5.031
5.842	4.658	6.628	5.903
4.849	3.048	4.876	4.381
3.956	3.177	4.099	4.621
5.731	4.031	6.613	6.325
4.929	3.285	5.225	6.422
6.782	6.255	7.69	4.881
6.747	3.23	8.053	6.513
7.248	4.47	7.587	6.872
4.08	6.912	3.879	5.597
4.79	4.382	6.144	5.83
5.308	3.631	6.422	5.921
6.558	3.297	6.755	5.165
3.184	4.839	4.518	5.553
4.482	3.684	4.41	4.37
4.457	3.42	4.61	5.749
6.42	3.2	5.384	5.999
4.785	5.658	4.553	3.875
3.888	4.487	3.297	4.641
2.658	6.2	4.108	1.95
5.542	2.42	5.166	5.158
4.0	7.431	5.251	4.193
3.526	4.631	4.376	6.798
6.69	4.266	6.462	4.324
2.785	9.412	5.346	2.735
4.649	3.094	5.283	5.101
7.041	4.306	7.247	5.247
3.117	3.039	2.987	5.953
7.52	2.314	7.881	5.466
4.08	8.357	4.355	2.348
3.632	4.679	5.496	6.022
3.409	4.061	2.732	5.358
5.575	3.217	5.476	4.904
6.411	2.926	5.388	5.546
3.566	4.459	4.333	4.243
3.571	4.909	4.268	4.534
4.416	3.102	4.526	4.669
4.453	4.109	6.074	5.133
4.911	4.375	4.532	4.827
3.438	4.397	3.358	5.268
5.945	4.571	7.065	5.986
5.086	5.659	5.252	3.37
6.94	3.159	8.245	7.709
7.398	1.939	7.1	5.646
6.542	6.217	5.638	3.518
6.051	4.036	6.174	4.914
7.167	3.205	6.604	5.06
2.93	7.92	4.542	3.075
4.047	5.71	5.206	6.552
5.078	5.296	5.2	4.865
4.375	6.992	5.198	1.432
3.747	5.417	3.647	3.164
4.142	3.766	4.508	5.76
4.593	4.536	5.57	6.193
6.456	2.575	6.315	5.414
4.632	5.885	4.899	5.627
7.14	2.474	7.371	5.676
4.095	6.497	4.359	2.964
4.058	4.206	4.03	5.274
2.869	4.128	2.003	5.612
2.849	5.26	2.568	5.431
3.687	3.665	3.716	6.06
3.178	5.064	3.464	3.811
4.996	4.912	5.286	4.695
7.236	3.851	8.145	6.32
4.303	3.107	3.98	6.249
4.311	6.231	5.037	3.39
4.136	4.07	3.985	4.736
3.004	5.065	4.216	5.984
1.741	5.005	3.271	8.234
2.406	6.611	4.104	7.503
3.478	6.658	5.257	4.678
3.916	6.075	4.84	3.273
5.068	4.147	4.396	5.615
2.101	5.275	2.769	7.794
6.002	2.869	5.68	4.89
6.551	4.154	6.61	5.544
4.038	6.356	5.203	3.098
5.865	4.147	6.299	6.17
5.521	4.167	6.112	5.994
4.333	3.79	5.282	5.17
5.339	4.718	4.743	5.015
4.278	2.692	3.719	5.698
4.834	5.862	5.314	6.157
2.935	5.127	3.845	6.611
4.48	3.413	4.737	3.873
4.884	4.88	5.478	3.316
5.564	5.777	5.92	3.792
6.146	2.858	5.369	5.029
4.785	5.13	6.389	3.717
6.044	3.285	5.558	4.81
5.547	5.034	5.967	4.279
3.714	4.933	3.865	4.65
5.547	6.53	7.084	4.224
5.549	4.403	6.54	5.558
5.819	5.135	6.102	5.15
3.513	4.154	3.696	5.756
4.787	2.465	4.402	5.759
4.008	6.01	5.104	2.923
6.023	2.107	5.19	5.518
2.989	5.197	4.016	6.235
4.395	6.108	4.8	5.499
4.555	6.254	4.293	5.186
5.522	6.335	5.474	4.949
3.693	5.048	3.226	8.201
4.383	3.96	4.409	6.63
4.507	4.594	5.742	4.802
4.189	7.098	5.253	3.08
6.115	4.746	5.866	4.373
5.639	3.193	5.098	5.167
7.45	4.291	6.763	5.519
4.611	7.51	6.03	4.319
3.109	5.599	4.417	6.693
7.304	3.946	7.589	6.889
6.059	3.367	5.959	4.319
2.744	8.327	4.744	2.33
5.458	3.656	6.0	5.296
5.759	3.268	6.083	5.365
3.906	7.639	5.131	3.192
5.279	7.491	6.245	3.442
4.368	4.738	3.979	2.927
4.546	7.368	5.773	2.747
3.912	8.188	5.905	1.827
4.258	4.492	5.257	5.48
4.158	4.215	4.529	5.126
6.996	2.436	5.865	5.562
3.033	4.655	3.49	5.463
5.867	2.65	5.024	4.329
3.534	4.784	4.0	5.205
3.452	5.273	4.088	6.876
4.895	2.831	4.477	6.325
5.151	4.364	7.081	7.014
4.457	3.852	5.013	6.252
3.782	3.818	3.167	6.009
3.552	4.383	5.027	3.211
5.542	2.42	5.166	5.158
7.514	2.025	6.314	5.231
7.337	2.618	5.808	4.882
5.353	4.682	5.341	4.935
4.065	5.187	5.641	5.968
6.405	5.325	6.108	3.713
6.611	4.978	6.209	4.205
5.88	4.071	6.392	5.78
3.914	6.108	5.46	3.14
4.63	5.578	4.76	3.223
4.804	7.745	5.026	2.48
4.566	8.791	6.81	5.489
4.572	4.938	2.838	4.379
4.977	7.212	6.609	6.263
6.565	4.948	6.971	4.158
4.456	4.215	3.831	5.384
4.773	6.678	5.733	3.922
6.258	4.822	5.843	5.167
4.459	7.213	5.381	2.697
3.585	4.84	3.43	5.252
4.21	4.231	3.241	4.758
4.775	3.275	3.859	4.795
3.499	5.401	4.091	5.46
3.173	4.395	4.098	5.821
4.623	3.075	5.053	5.015
3.785	5.507	5.955	7.287
4.339	6.137	4.757	4.877
3.589	4.966	3.991	3.558
5.659	3.817	5.056	6.634
6.57	2.485	6.016	4.249
4.077	5.243	4.794	3.371
4.524	5.594	5.282	4.334
3.828	3.462	4.068	5.157
3.556	4.545	5.133	5.611
5.966	4.827	6.59	5.82
4.331	7.128	5.042	4.263
5.218	2.225	5.24	5.329
5.895	6.7	6.193	2.727
7.184	5.704	7.563	4.156
4.716	4.394	4.393	4.283
5.717	3.015	4.943	5.082
3.413	3.526	3.61	5.988
3.353	5.39	4.996	7.26
3.694	5.729	5.379	6.67
4.627	4.55	5.341	5.289
4.426	5.562	5.144	4.725
6.142	5.64	5.68	3.103
4.469	4.082	3.466	5.18
6.411	2.926	5.388	5.546
3.081	4.667	3.983	5.648
3.596	3.614	3.583	4.458
5.63	6.048	6.444	2.761
5.104	4.231	6.273	4.924
4.157	3.012	3.263	5.034
4.586	3.791	5.602	6.823
7.079	5.326	5.241	4.003
3.733	4.28	3.847	5.484
6.051	4.036	6.174	4.914
3.716	4.299	3.984	4.815
4.884	4.88	5.478	3.316
4.383	3.96	4.409	6.63
4.426	5.562	5.144	4.725
5.744	4.687	6.582	5.013
5.19	4.284	5.317	4.758
5.535	3.469	5.686	5.588
4.732	5.719	5.834	6.259
5.867	2.594	5.545	4.637
3.953	5.289	4.01	5.519
4.049	5.483	5.925	6.692
3.323	4.815	4.183	4.68
2.104	8.307	4.138	4.334
2.901	4.934	4.003	4.929
5.657	4.182	6.287	4.166
2.612	5.678	3.704	4.605
4.331	3.909	5.226	5.792
3.097	5.509	4.573	4.899
4.982	4.904	5.524	4.482
7.235	3.032	6.722	5.226
3.651	3.726	3.172	4.258
6.19	4.263	6.981	5.956
3.527	6.303	4.842	3.701
4.739	4.319	5.503	7.331
3.007	5.831	4.846	5.781
5.3	4.003	5.344	5.679
4.021	2.357	4.168	5.317
4.599	3.214	5.695	6.036
4.733	6.206	4.803	3.387
5.35	5.575	6.323	4.347
4.647	3.457	4.812	5.135
5.696	6.555	5.559	3.622
4.34	4.789	4.405	4.459
5.105	4.301	5.724	4.943
5.1	5.422	5.183	4.287
4.08	8.357	4.355	2.348
5.302	7.548	6.03	1.915
4.176	8.699	5.985	1.522
5.41	5.466	5.641	3.127
4.261	4.35	3.86	6.386
5.183	3.89	5.228	6.467
6.389	3.36	6.621	4.714
3.977	3.886	3.049	5.048
6.667	1.761	6.521	4.46
4.321	3.861	3.873	5.39
3.421	5.024	3.528	3.869
3.602	3.798	4.0	4.368
5.844	6.81	5.442	2.578
2.25	6.637	3.464	6.439
4.643	3.481	5.5	6.246
6.047	4.304	5.697	4.533
5.456	8.346	6.487	2.255
3.572	4.741	4.143	3.001
3.482	3.5	4.888	5.889
3.319	7.058	4.836	5.222
4.818	5.981	5.379	3.327
3.44	8.977	4.243	1.753
6.05	6.383	5.78	2.918
3.431	4.133	2.927	6.538
3.178	5.064	3.464	3.811
3.239	6.081	4.143	4.221
3.004	5.065	4.216	5.984
3.429	4.146	3.45	5.725
3.916	6.075	4.84	3.273
5.068	4.147	4.396	5.615
5.382	9.015	6.997	2.63
5.13	3.631	4.941	4.258
3.615	5.637	4.184	3.081
5.422	5.291	4.977	4.169
5.467	4.185	6.078	7.551
3.972	5.972	4.452	3.056
3.803	4.755	4.34	2.386
5.707	7.773	6.755	6.613
6.168	4.076	6.503	5.726
7.171	4.999	7.199	5.232
4.716	4.501	5.641	5.736
4.333	9.007	5.356	1.523
3.39	2.455	3.197	6.179
4.145	5.394	4.918	4.362
4.968	3.761	5.005	5.004
3.859	6.305	5.517	5.815
4.67	5.505	4.777	3.821
4.67	5.505	4.777	3.821
6.171	4.397	5.342	3.574
6.345	1.39	5.851	5.06
5.067	3.806	4.873	4.877
5.547	6.53	7.084	4.224
3.139	5.273	4.472	5.625
2.573	8.375	4.269	2.547
2.902	4.124	3.192	4.613
7.26	3.794	7.121	4.636
6.628	5.713	7.228	3.635
5.395	1.894	4.491	4.942
5.093	5.199	5.314	4.806
7.155	4.594	6.879	4.979
2.168	7.814	3.864	2.599
3.693	5.048	3.226	8.201
3.987	8.761	5.693	3.008
5.889	3.901	5.791	5.11
4.273	3.887	4.215	6.442
4.366	5.042	5.124	5.284
7.045	4.712	7.372	5.529
4.738	3.425	4.076	4.594
3.106	3.549	3.104	4.173
3.25	5.793	3.553	5.606
6.82	3.216	7.108	5.001
6.702	6.292	6.813	3.547
4.916	3.854	6.323	4.21
3.109	5.599	4.417	6.693
5.186	3.406	4.644	5.884
6.937	2.995	6.426	4.325
6.235	3.746	6.157	4.513
7.109	4.364	7.906	7.173
6.353	5.453	6.379	3.766
7.495	3.501	7.858	5.039
3.601	3.211	3.092	6.219
3.721	2.535	3.544	5.978
3.235	4.862	3.091	6.19
4.838	4.668	6.158	5.254
5.696	4.726	5.905	6.341
6.75	5.145	7.193	3.741
3.912	8.188	5.905	1.827
6.985	3.51	7.598	5.264
4.158	4.215	4.529	5.126
6.014	2.955	5.882	4.865
3.633	4.335	3.797	5.77
2.822	5.814	4.536	6.054
4.501	3.231	4.466	5.493
3.453	4.897	3.471	6.258
4.679	4.469	5.2	6.921
6.477	3.442	6.842	5.776
4.27	4.273	4.085	5.263
2.863	8.884	4.774	0.874
3.265	5.776	4.144	5.173
3.526	3.791	2.791	4.51
7.236	4.48	6.191	3.896
5.773	4.831	6.195	6.693
2.173	4.465	2.422	4.852
1.996	7.114	3.509	1.926
5.767	3.237	6.588	3.587
4.804	7.745	5.026	2.48
6.445	3.097	6.659	5.432
6.63	2.193	5.086	5.139
4.599	3.214	5.695	6.036
3.341	5.245	4.453	3.938
2.31	6.276	2.342	7.018
4.174	4.011	3.695	5.501
4.155	5.042	5.143	5.133
5.333	3.81	5.102	4.39
3.611	5.07	3.809	5.203
4.029	4.384	3.799	4.768
6.662	6.894	6.85	4.329
4.147	5.691	4.904	2.968
4.434	3.723	4.734	4.399
5.294	5.223	6.13	5.526
4.264	2.892	4.836	4.219
6.146	2.858	5.369	5.029
7.077	4.131	7.082	5.381
5.019	6.103	7.036	5.469
6.827	2.11	6.67	4.316
3.429	4.146	3.45	5.725
5.482	4.577	6.319	4.307
4.524	5.594	5.282	4.334
6.532	3.412	6.275	3.299
2.658	6.2	4.108	1.95
5.121	7.481	6.399	3.669
4.466	4.004	6.144	3.761
3.688	6.166	3.901	3.151
5.483	3.933	5.293	4.635
3.757	7.982	5.458	2.67
5.668	5.687	6.474	2.704
6.606	3.967	6.204	4.96
4.49	2.985	4.546	6.229
3.353	5.39	4.996	7.26
2.71	6.327	2.965	4.317
5.137	3.049	3.743	5.625
1.718	6.337	4.775	6.973
3.644	7.313	5.911	5.097
4.469	4.082	3.466	5.18
7.718	4.401	8.235	6.377
5.752	4.91	7.107	3.634
4.603	6.937	5.41	2.198
4.384	4.183	3.372	4.227
4.665	4.213	4.96	5.017
4.583	4.262	4.516	5.986
5.544	3.419	5.109	5.469
5.577	6.227	6.734	4.729
4.038	4.684	5.449	6.151
6.97	5.042	6.75	6.671
7.44	2.709	6.871	4.97
5.079	4.437	4.354	6.619
3.733	4.28	3.847	5.484
3.938	4.217	3.787	5.606
4.292	3.132	5.669	6.22
7.083	2.325	7.329	5.156
2.863	8.884	4.774	0.874
3.716	4.299	3.984	4.815
3.244	4.116	3.856	5.68
2.798	3.962	2.789	5.26
5.027	6.854	6.155	2.42
4.538	3.865	4.194	5.179
6.662	3.186	5.951	3.865
5.628	5.6	5.097	4.364
3.635	6.755	4.137	6.354
4.679	8.114	5.929	2.512
2.623	7.267	5.493	2.858
3.656	3.533	3.965	6.335
2.525	5.784	2.821	2.472
3.589	7.4	4.347	2.783
5.629	3.858	5.278	5.008
5.969	5.575	5.649	4.778
4.834	8.356	5.811	1.392
2.774	5.014	3.233	2.712
4.144	6.486	4.453	5.433
2.808	4.115	3.282	5.567
3.213	5.53	4.861	5.165
3.448	6.442	3.743	3.619
6.484	3.389	6.459	7.04
6.052	3.782	5.457	3.894
6.396	3.394	5.789	5.779
4.79	4.382	6.144	5.83
3.53	6.063	4.064	6.0
4.457	3.42	4.61	5.749
4.457	3.42	4.61	5.749
4.206	8.063	4.726	3.166
6.489	2.572	5.254	4.204
5.252	4.16	5.378	4.928
5.32	4.347	6.427	7.866
5.014	5.544	5.299	5.118
6.29	5.552	7.047	6.751
3.734	5.558	3.607	6.233
4.296	3.405	4.024	6.081
3.612	2.911	3.592	6.017
4.038	4.684	5.449	6.151
2.749	4.308	2.682	4.942
4.421	3.494	4.603	5.709
4.379	6.414	6.095	6.349
6.27	4.661	6.528	6.091
3.045	5.09	2.921	5.038
7.13	3.032	7.375	6.259
4.535	3.798	4.937	5.597
6.569	2.72	5.6	4.549
4.656	1.972	4.681	5.938
5.405	2.388	4.554	4.909
4.181	4.145	3.954	4.456
2.744	2.517	1.971	6.025
5.139	3.165	5.715	6.268
5.132	4.323	6.356	6.216
6.997	1.997	6.546	4.814
5.404	6.431	6.2	3.019
5.519	3.247	5.994	5.319
3.324	5.797	4.591	5.927
5.152	4.682	5.074	5.826
6.787	3.527	5.546	5.544
3.307	3.984	4.115	5.654
3.146	3.616	2.67	6.04
3.56	4.14	3.807	5.584
3.375	4.175	3.627	5.566
2.261	3.423	2.698	6.425
4.058	4.206	4.03	5.274
4.446	3.861	4.86	4.549
5.405	2.388	4.554	4.909
7.428	3.495	6.802	5.253
2.046	4.512	2.797	7.335
4.065	4.343	4.624	5.255
3.31	3.814	4.04	5.855
5.471	4.998	5.644	6.076
3.517	3.509	3.289	6.284
5.13	3.631	4.941	4.258
4.716	4.501	5.641	5.736
5.441	3.319	5.501	6.8
7.367	3.012	6.373	4.579
5.648	3.173	5.819	5.614
2.724	5.316	3.295	2.892
3.063	4.222	3.03	6.218
5.839	2.787	5.782	5.028
5.35	3.322	5.204	6.525
6.427	3.882	6.234	3.882
5.013	5.244	5.637	4.202
3.574	5.754	3.976	3.436
6.066	1.929	5.654	5.325
5.177	3.149	4.555	4.903
3.39	2.455	3.197	6.179
5.751	3.56	5.201	4.417
3.889	5.29	4.107	5.898
7.822	3.447	6.668	4.975
6.596	1.993	5.848	5.948
6.934	3.367	6.397	5.295
3.571	2.891	4.08	6.254
6.737	4.619	7.608	5.615
6.554	4.177	6.453	4.46
6.033	4.47	6.223	6.254
3.992	3.291	4.304	5.562
7.34	3.393	7.37	5.269
6.893	4.708	6.003	5.777
5.373	1.809	5.651	5.651
4.525	3.175	5.419	5.775
7.805	3.938	7.498	4.674
7.703	3.74	7.408	4.956
5.162	8.091	6.231	2.834
3.693	5.048	3.226	8.201
4.273	3.887	4.215	6.442
7.173	4.118	7.922	4.489
3.903	2.992	4.723	4.951
3.109	5.599	4.417	6.693
5.757	3.242	5.963	4.671
7.398	1.939	7.1	5.646
6.596	1.993	5.848	5.948
5.637	6.406	7.569	5.294
4.649	4.522	3.962	5.045
5.883	4.244	6.048	5.592
3.662	6.287	4.804	5.775
6.336	2.567	6.313	5.405
6.217	5.753	6.591	3.899
6.855	2.726	5.252	4.498
3.857	5.176	4.793	5.455
4.258	4.492	5.257	5.48
3.633	4.335	3.797	5.77
6.512	3.664	6.06	4.848
7.703	3.74	7.408	4.956
5.017	3.094	5.702	5.276
6.908	4.347	6.607	6.137
3.453	4.897	3.471	6.258
5.151	4.364	7.081	7.014
7.151	3.112	6.224	5.494
2.295	7.187	4.442	7.913
4.643	3.481	5.5	6.246
5.88	4.071	6.392	5.78
6.825	3.757	7.134	5.746
6.137	2.048	4.426	4.643
7.363	4.738	8.162	6.562
4.46	3.583	4.151	4.624
3.045	5.09	2.921	5.038
3.093	4.788	5.048	6.804
7.971	3.284	6.582	4.676
3.466	3.925	2.706	5.924
4.711	4.317	4.676	6.126
4.465	3.92	4.242	5.196
3.498	3.77	4.282	5.651
6.382	4.548	6.077	6.696
5.01	2.797	4.984	5.896
7.504	2.127	6.779	6.002
5.552	2.401	6.744	4.971
5.43	6.775	6.269	4.693
4.84	4.088	4.876	5.438
4.972	3.171	5.374	4.068
4.032	2.416	3.981	5.594
6.142	4.152	5.174	4.998
3.281	4.005	3.341	5.469
3.303	4.12	3.172	5.738
6.2	3.318	5.343	5.146
5.47	3.869	5.3	4.598
7.52	3.531	7.054	6.203
4.403	5.332	4.734	5.361
5.552	2.401	6.744	4.971
4.344	3.964	4.846	5.491
3.391	6.233	3.608	5.206
3.173	4.395	4.098	5.821
2.8	4.206	2.922	5.395
5.019	6.103	7.036	5.469
3.863	3.906	3.791	5.469
7.541	3.78	7.267	7.368
5.877	5.005	5.468	5.948
5.313	3.431	4.757	6.01
5.894	4.144	6.621	4.949
5.856	4.684	6.065	3.288
5.455	3.012	5.31	5.708
4.18	3.407	4.056	6.135
7.13	3.032	7.375	6.259
5.218	2.225	5.24	5.329
6.505	4.505	5.824	5.564
6.029	3.596	6.461	5.394
6.981	3.601	6.208	6.255
8.08	3.377	7.088	5.39
5.028	4.05	5.985	5.658
5.266	4.697	5.084	5.8
7.229	3.705	5.932	5.592
7.703	3.74	7.408	4.956
3.694	5.729	5.379	6.67
5.75	3.394	6.081	5.437
4.16	4.638	4.289	5.251
6.056	3.855	6.245	5.037
7.624	3.11	7.069	5.43
5.898	4.269	4.669	4.621
6.034	2.525	5.668	3.822
6.126	2.825	4.984	5.03
5.322	4.521	6.177	6.585
4.583	4.262	4.516	5.986
8.096	3.216	7.479	5.806
4.439	3.03	4.855	5.185
4.834	5.862	5.314	6.157
6.657	4.048	8.166	6.544
7.347	3.83	6.99	5.048
5.544	3.419	5.109	5.469
7.608	2.178	7.234	5.979
6.213	2.804	5.789	4.477
6.661	4.703	6.151	5.891
5.759	2.974	5.687	5.356
5.224	2.503	6.568	6.478
5.221	3.313	4.466	5.626
2.93	7.92	4.542	3.075
1.678	5.989	2.396	4.964
7.77	1.714	7.891	5.456
6.827	2.11	6.67	4.316
6.3	2.181	4.861	5.004
5.744	4.687	6.582	5.013
5.405	2.388	4.554	4.909
6.416	2.37	5.464	4.595
4.862	6.024	5.737	5.873
6.668	2.426	5.956	5.031
5.98	4.537	6.344	5.227
2.867	5.245	2.609	4.178
6.253	2.225	5.577	4.968
6.207	3.285	5.421	4.712
3.324	5.402	4.144	6.562
2.958	5.35	3.883	6.248
4.331	3.909	5.226	5.792
3.097	5.509	4.573	4.899
3.634	5.351	5.605	7.499
4.089	3.561	4.951	6.024
5.225	3.095	5.324	4.718
2.727	4.38	2.873	5.934
4.457	3.42	4.61	5.749
7.212	2.985	7.065	6.357
3.67	3.623	4.36	5.745
2.786	3.682	3.629	7.466
7.63	2.074	6.465	4.664
6.714	3.416	5.856	4.094
3.406	5.188	4.008	6.605
6.929	4.321	7.122	5.279
6.88	3.554	7.529	4.944
2.785	9.412	5.346	2.735
5.723	3.72	5.495	5.193
2.142	5.838	3.885	6.147
4.623	4.342	5.173	4.369
4.038	4.684	5.449	6.151
3.251	7.446	5.492	2.68
6.326	6.658	6.115	2.918
5.825	2.927	5.411	6.671
4.106	7.643	6.126	2.922
2.224	5.141	2.476	4.22
3.906	7.639	5.131	3.192
4.497	3.596	5.543	5.165
7.608	2.178	7.234	5.979
2.991	5.706	4.217	4.892
4.437	6.469	5.615	3.108
3.142	3.356	3.923	5.364
3.928	4.558	5.25	6.463
4.694	4.139	5.649	4.536
2.604	8.227	4.544	2.104
2.786	3.682	3.629	7.466
6.139	6.223	5.946	4.44
3.738	3.858	4.283	6.233
5.177	4.629	4.83	3.538
6.347	3.862	6.464	5.688
5.921	3.803	5.256	6.19
4.55	5.366	4.778	4.822
3.531	5.199	4.48	4.316
3.481	5.109	4.705	4.402
6.09	3.692	6.53	4.771
3.225	4.875	5.656	4.418
3.534	5.06	3.837	5.604
6.719	3.212	6.891	6.436
7.404	3.512	6.815	4.998
4.716	4.501	5.641	5.736
5.839	2.787	5.782	5.028
4.117	6.306	6.307	7.448
4.117	6.306	6.307	7.448
6.638	6.952	7.306	4.708
5.145	3.766	4.609	5.673
6.447	5.096	7.528	6.215
6.447	5.096	7.528	6.215
1.965	6.487	4.438	8.283
2.095	8.09	4.163	3.016
4.93	4.391	5.583	5.115
7.024	3.08	8.055	7.133
3.859	6.305	5.517	5.815
2.475	4.838	3.604	6.043
2.475	4.838	3.604	6.043
5.135	6.365	5.798	4.218
4.151	5.374	5.042	5.84
4.583	2.876	4.822	5.112
3.23	4.07	3.896	6.61
5.133	4.381	5.054	3.584
4.467	3.143	4.624	4.775
5.149	3.71	5.968	4.697
3.637	4.968	4.943	6.534
3.814	5.102	4.184	4.856
4.854	7.162	6.134	2.926
4.407	4.207	4.787	5.933
3.448	4.925	3.889	6.351
4.525	3.175	5.419	5.775
2.561	5.534	3.77	6.196
2.262	4.879	5.009	8.147
3.139	5.273	4.472	5.625
3.139	5.273	4.472	5.625
6.511	3.306	6.41	3.041
6.581	4.689	6.988	3.479
6.581	4.689	6.988	3.479
4.637	4.265	5.218	6.324
4.827	2.611	5.725	6.29
6.461	3.635	7.317	7.018
6.461	3.635	7.317	7.018
4.952	4.522	4.745	5.08
5.139	6.779	5.982	3.581
7.045	4.712	7.372	5.529
3.518	5.208	3.956	5.168
4.611	7.51	6.03	4.319
7.64	2.644	7.951	5.712
6.842	4.612	7.429	6.608
4.139	3.759	5.544	5.875
5.42	3.481	5.906	6.149
7.109	4.364	7.906	7.173
7.109	4.364	7.906	7.173
4.518	4.147	5.293	6.651
5.865	4.421	6.815	4.388
5.932	3.294	5.722	4.087
5.569	4.585	5.297	4.83
5.556	4.91	6.45	5.62
6.858	3.499	6.799	5.948
4.546	7.368	5.773	2.747
4.798	5.497	6.421	7.68
3.912	8.188	5.905	1.827
2.36	5.772	3.481	4.281
5.343	3.602	5.705	6.161
5.343	3.602	5.705	6.161
4.401	6.702	5.688	2.307
3.033	4.655	3.49	5.463
4.679	4.469	5.2	6.921
6.351	3.781	4.03	4.105
4.569	5.087	5.479	6.422
5.321	6.195	6.841	6.593
6.42	4.394	7.414	4.482
3.442	6.66	4.682	2.806
4.446	3.861	4.86	4.549
6.599	4.103	6.713	4.644
5.756	4.589	5.67	4.877
2.798	5.173	3.662	3.453
3.358	4.813	4.572	4.747
4.443	4.142	5.959	4.454
3.265	5.776	4.144	5.173
4.007	8.961	5.575	1.263
2.227	4.798	3.385	5.981
5.984	4.557	6.901	6.185
5.145	3.766	4.609	5.673
5.773	4.831	6.195	6.693
4.525	3.175	5.419	5.775
4.804	7.745	5.026	2.48
4.604	3.272	4.424	4.432
6.114	3.145	5.936	4.51
3.244	5.454	5.014	3.85
6.445	3.097	6.659	5.432
4.443	4.142	5.959	4.454
6.016	4.364	6.741	4.05
6.42	4.394	7.414	4.482
2.259	8.214	4.666	2.456
3.267	5.32	3.396	4.341
3.687	3.41	4.423	6.732
5.442	3.955	6.783	5.264
4.299	6.538	5.109	2.856
3.469	5.244	3.926	4.543
3.469	5.244	3.926	4.543
2.908	6.186	4.514	6.555
6.009	1.906	5.033	4.778
5.313	3.431	4.757	6.01
6.275	3.842	6.189	4.36
4.835	3.857	5.354	5.129
4.835	3.857	5.354	5.129
4.575	4.059	6.074	5.065
3.906	7.639	5.131	3.192
3.961	6.753	4.827	1.389
6.423	3.448	7.615	5.904
6.326	3.094	5.606	5.013
2.573	8.375	4.269	2.547
6.579	5.501	6.802	4.97
5.226	5.466	5.327	4.273
3.041	5.227	4.546	6.472
6.384	4.093	6.092	5.003
3.694	5.729	5.379	6.67
1.686	4.01	1.925	6.81
5.547	5.52	4.91	4.353
6.426	4.696	6.418	6.154
1.718	6.337	4.775	6.973
1.718	6.337	4.775	6.973
5.121	4.313	4.773	3.736
4.077	5.452	5.182	3.714
6.745	2.013	6.308	5.566
6.508	2.219	6.368	4.115
8.096	3.216	7.479	5.806
5.073	5.068	5.685	5.027
3.08	6.654	5.175	5.366
6.472	2.394	6.781	5.465
6.472	2.394	6.781	5.465
2.535	7.125	4.989	4.019
6.046	2.111	6.614	5.424
5.406	3.55	5.421	5.89
3.823	3.687	3.915	5.654
4.909	4.586	4.872	5.282
4.991	4.299	5.409	6.152
6.016	4.364	6.741	4.05
4.292	3.132	5.669	6.22
4.08	4.283	4.029	4.822
6.3	5.845	6.948	5.337
5.744	4.687	6.582	5.013
3.36	8.388	4.921	2.333
2.298	3.67	2.726	7.285
5.777	2.879	6.048	5.938
6.87	3.955	6.634	5.293
3.635	6.755	4.137	6.354
3.864	4.078	4.511	5.431
5.3	4.775	5.946	2.525
3.852	6.187	4.563	5.594
2.844	7.154	3.824	1.857
1.718	6.337	4.775	6.973
5.316	3.616	5.078	5.103
4.53	4.234	4.924	4.694
4.53	4.234	4.924	4.694
1.925	7.027	3.745	2.322
6.06	3.517	5.872	3.924
4.213	5.324	5.217	3.961
3.634	5.351	5.605	7.499
4.466	4.004	6.144	3.761
4.089	3.561	4.951	6.024
6.955	2.965	6.307	5.015
4.739	4.319	5.503	7.331
3.211	8.679	5.414	1.833
2.786	3.682	3.629	7.466
2.786	3.682	3.629	7.466
3.203	7.756	5.657	2.017
4.099	3.425	4.028	4.5
5.152	4.682	5.074	5.826
3.408	4.957	3.661	7.565
4.457	3.548	2.797	4.846
5.528	4.219	5.422	5.561
4.176	8.699	5.985	1.522
2.93	3.683	3.136	5.055
4.509	3.558	3.752	5.189
4.278	4.217	4.857	5.723
4.255	3.831	4.284	5.353
4.782	4.456	5.663	4.555
3.755	4.269	4.604	7.553
2.727	4.127	4.159	5.864
5.26	3.15	4.898	6.084
7.28	5.152	7.579	6.993
4.029	5.478	4.391	3.762
4.497	3.596	5.543	5.165
2.921	5.193	3.237	7.321
3.977	3.886	3.049	5.048
1.937	2.337	2.294	4.664
4.089	5.041	5.913	6.688
2.046	2.632	3.022	5.741
2.747	6.953	3.549	2.456
4.786	3.249	4.122	4.878
2.604	8.227	4.544	2.104
6.255	3.504	7.045	7.138
4.889	2.463	4.217	4.718
6.857	4.535	6.448	6.578
7.579	4.885	7.23	4.223
4.875	3.47	4.519	4.406
5.549	3.341	5.271	6.373
4.42	4.7	3.927	5.335
5.788	4.43	5.947	5.05
3.404	3.938	3.856	5.214
3.319	7.058	4.836	5.222
4.241	3.742	3.81	5.003
4.342	3.966	4.362	5.2
4.868	4.988	4.994	6.428
3.509	5.053	4.225	4.776
3.57	6.165	4.366	6.339
2.046	4.512	2.797	7.335
3.605	3.867	3.245	5.201
5.317	8.088	6.345	3.238
3.443	4.251	4.033	6.275
1.741	5.005	3.271	8.234
3.396	5.273	3.662	7.431
6.465	3.682	5.626	4.852
4.411	3.977	5.195	5.327
4.344	5.876	6.084	6.985
4.038	6.356	5.203	3.098
4.117	6.306	6.307	7.448
5.707	7.773	6.755	6.613
5.35	3.322	5.204	6.525
5.116	5.885	6.627	5.829
4.278	5.262	4.972	3.74
7.71	5.645	7.627	4.921
5.013	5.244	5.637	4.202
4.621	3.966	4.333	5.841
6.957	4.396	6.845	6.028
2.865	5.044	2.785	4.581
5.309	4.594	5.774	4.238
4.968	3.761	5.005	5.004
6.044	4.458	6.222	5.882
6.631	2.834	6.688	4.925
3.492	4.37	3.149	6.397
4.791	3.737	5.303	6.654
3.006	6.407	3.936	5.912
6.719	3.212	6.891	6.436
3.897	6.845	5.976	4.525
2.504	5.836	3.48	6.064
5.149	3.71	5.968	4.697
3.637	4.968	4.943	6.534
6.737	4.619	7.608	5.615
5.549	4.403	6.54	5.558
4.798	5.497	6.421	7.68
5.13	2.708	4.3	5.26
6.044	4.458	6.222	5.882
4.293	6.364	5.377	5.867
4.974	6.109	5.697	3.143
5.556	6.051	5.96	3.387
7.155	4.594	6.879	4.979
6.195	6.626	5.916	3.545
4.843	5.79	5.85	6.184
5.889	3.901	5.791	5.11
2.418	5.869	3.152	3.681
4.755	3.659	3.838	6.423
3.697	5.143	4.668	6.455
5.565	4.58	6.982	3.835
2.744	8.327	4.744	2.33
2.744	8.327	4.744	2.33
5.365	5.728	6.587	4.64
5.074	8.172	5.409	2.797
3.405	5.062	3.883	6.65
3.605	4.919	3.95	3.942
6.167	4.613	6.245	5.047
5.786	5.581	6.709	4.8
5.989	4.815	6.423	5.655
3.816	5.772	3.63	4.018
5.291	3.359	4.884	5.004
6.377	4.289	6.234	6.4
6.203	4.375	6.222	6.585
6.839	3.441	5.467	5.605
3.679	6.041	5.573	7.256
4.01	5.405	4.465	5.729
4.949	4.174	4.32	4.085
4.457	3.852	5.013	6.252
4.308	4.976	4.704	5.424
5.43	5.266	5.608	4.855
5.052	2.406	4.216	5.717
4.862	4.398	5.314	5.362
4.317	3.86	4.737	7.384
5.458	4.581	6.069	6.565
4.43	3.726	5.229	5.295
4.018	3.51	3.379	4.753
5.156	2.317	5.403	5.567
4.007	8.961	5.575	1.263
2.699	5.447	4.36	5.63
5.773	4.831	6.195	6.693
5.341	6.875	6.196	3.479
4.444	3.894	5.54	5.764
5.935	3.641	6.442	5.602
3.944	4.546	4.309	5.334
3.843	6.445	5.397	2.073
5.565	4.58	6.982	3.835
3.31	3.814	4.04	5.855
2.697	5.68	3.05	3.014
3.674	4.543	3.675	5.882
3.611	5.07	3.809	5.203
2.48	4.474	3.123	6.573
4.482	2.753	4.359	4.569
6.203	4.582	7.463	4.875
4.986	5.915	6.251	3.914
4.886	2.745	4.738	5.452
4.579	5.372	4.621	6.004
7.077	4.131	7.082	5.381
3.521	3.555	4.023	5.606
5.24	3.911	5.836	5.927
3.807	5.713	3.991	4.949
2.658	6.2	4.108	1.95
4.798	5.497	6.421	7.68
4.585	5.386	5.73	5.605
6.477	5.022	6.709	6.633
3.07	6.163	4.577	3.672
5.009	4.804	6.42	6.012
3.593	4.007	3.925	4.51
6.301	6.6	7.555	3.91
2.917	6.686	3.898	2.595
4.326	6.571	4.76	2.612
4.49	2.985	4.546	6.229
5.13	2.708	4.3	5.26
5.328	3.775	4.32	5.655
5.421	3.937	6.189	7.022
4.94	4.776	4.918	5.909
5.795	4.693	5.534	7.485
3.644	7.313	5.911	5.097
4.878	5.16	6.09	6.186
6.033	4.664	6.359	6.447
3.927	5.008	4.146	4.917
3.857	5.154	4.676	5.489
6.203	4.582	7.463	4.875
5.322	4.521	6.177	6.585
3.712	4.814	3.713	4.334
3.358	5.119	4.187	6.454
4.339	6.558	5.7	3.294
4.312	8.108	6.304	3.049
5.577	6.227	6.734	4.729
3.481	6.823	4.341	2.958
6.195	6.626	5.916	3.545
5.331	2.909	4.65	5.568
3.408	4.957	3.661	7.565
3.244	4.116	3.856	5.68
5.14	4.434	5.683	4.855
5.744	4.687	6.582	5.013
2.298	3.67	2.726	7.285
5.034	4.271	5.522	5.297
4.732	5.719	5.834	6.259
4.247	5.618	5.346	3.995
6.87	3.955	6.634	5.293
3.597	3.945	3.372	6.123
3.331	3.623	3.956	5.94
5.476	7.261	7.034	3.402
3.67	3.623	4.36	5.745
2.631	4.747	2.934	5.764
4.663	5.049	5.226	5.463
5.348	3.436	4.674	5.336
3.546	7.838	5.041	0.65
2.958	5.35	3.883	6.248
3.651	3.726	3.172	4.258
6.484	3.389	6.459	7.04
6.19	4.263	6.981	5.956
4.846	5.469	5.212	6.174
3.605	3.867	3.245	5.201
5.639	3.193	5.098	5.167
2.786	3.682	3.629	7.466
2.201	4.524	3.007	7.023
5.725	4.355	6.351	5.781
3.67	3.623	4.36	5.745
5.041	4.88	5.041	4.714
5.053	6.346	4.983	3.784
4.967	2.777	5.229	4.382
5.3	4.003	5.344	5.679
2.623	5.779	3.611	6.786
3.033	4.655	3.49	5.463
4.163	4.062	4.421	3.695
5.613	2.834	4.997	3.814
5.598	3.254	5.216	4.683
4.157	3.012	3.263	5.034
3.021	3.301	2.969	4.628
3.284	3.108	2.231	6.492
4.766	3.256	3.863	4.769
5.894	1.998	5.663	4.465
3.832	5.354	3.929	3.834
3.832	5.354	3.929	3.834
2.705	4.305	1.667	5.299
4.534	2.575	4.548	6.583
4.525	2.452	4.397	4.902
2.775	5.585	3.402	4.084
2.567	3.129	2.85	3.667
4.419	3.847	4.625	5.578
2.829	3.134	3.318	4.329
2.059	4.227	2.141	5.071
5.022	4.074	5.07	5.56
1.991	7.171	3.613	5.149
4.249	6.502	5.711	3.912
6.827	2.11	6.67	4.316
3.364	5.676	3.371	3.137
4.387	3.192	5.362	5.804
3.375	4.175	3.627	5.566
3.004	5.065	4.216	5.984
2.235	4.499	2.942	6.18
3.944	4.546	4.309	5.334
4.194	3.141	4.093	6.691
4.157	3.012	3.263	5.034
3.242	2.825	3.736	6.295
3.307	4.283	3.128	5.387
4.144	4.307	4.317	4.713
5.707	7.773	6.755	6.613
5.116	5.885	6.627	5.829
6.256	4.509	6.763	4.943
7.514	2.025	6.314	5.231
6.371	4.137	5.784	5.007
5.473	2.751	4.71	5.597
2.94	3.239	2.263	6.785
5.177	3.149	4.555	4.903
5.865	4.147	6.299	6.17
6.053	4.621	6.464	6.468
5.231	4.678	5.238	3.112
5.43	3.173	5.483	4.202
7.1	3.812	7.05	6.345
3.23	4.07	3.896	6.61
7.055	2.583	7.274	5.599
3.658	3.554	3.144	5.336
7.466	3.224	6.886	5.556
7.805	3.938	7.498	4.674
2.908	4.79	3.359	4.601
7.602	3.528	7.222	6.18
3.814	5.102	4.184	4.856
5.889	3.901	5.791	5.11
5.366	4.602	5.356	4.688
5.005	2.929	6.034	5.453
4.385	2.785	3.324	4.864
5.408	3.698	5.167	4.479
6.858	3.499	6.799	5.948
3.797	3.506	2.659	4.282
3.797	3.506	2.659	4.282
3.104	7.07	4.662	3.4
2.059	4.227	2.141	5.071
6.615	5.048	6.592	4.666
5.726	3.513	6.463	4.813
3.938	4.489	4.589	5.139
3.782	3.818	3.167	6.009
5.312	4.575	5.178	4.681
2.865	5.044	2.785	4.581
2.618	3.208	2.479	6.573
3.674	4.543	3.675	5.882
3.611	5.07	3.809	5.203
3.336	3.498	3.805	4.844
4.807	4.842	5.16	5.387
6.908	2.551	6.187	4.674
7.534	3.105	6.624	5.837
5.201	3.737	6.398	5.133
8.121	5.589	7.659	3.525
4.157	3.012	3.263	5.034
7.094	3.604	6.705	5.12
6.594	4.424	7.131	4.328
3.121	4.158	2.705	5.416
2.793	5.18	5.126	7.684
6.482	2.996	7.438	5.877
5.603	3.551	4.944	5.266
6.314	3.25	5.593	5.098
3.439	3.661	2.984	4.424
4.696	4.344	4.454	3.665
2.863	3.863	4.071	5.925
3.127	4.109	2.097	5.243
2.463	3.326	2.647	6.152
4.157	3.012	3.263	5.034
3.578	5.419	4.68	4.417
6.463	3.916	6.875	5.978
3.75	3.609	4.631	6.453
4.246	3.296	3.717	4.484
3.785	5.507	5.955	7.287
6.347	3.862	6.464	5.688
7.773	2.379	7.321	5.824
3.495	3.565	1.518	3.842
5.455	3.012	5.31	5.708
3.322	3.617	3.855	6.358
6.359	2.857	5.788	5.055
6.326	3.094	5.606	5.013
3.584	3.823	2.731	5.176
7.058	2.107	7.657	5.676
5.685	6.222	5.121	3.525
2.224	5.141	2.476	4.22
5.366	4.602	5.356	4.688
6.615	5.048	6.592	4.666
3.833	4.111	3.355	5.182
3.508	3.338	3.155	4.436
4.16	4.638	4.289	5.251
5.539	4.142	5.29	4.729
5.615	3.656	5.678	4.507
3.857	5.154	4.676	5.489
3.833	4.111	3.355	5.182
2.493	5.593	2.852	2.518
5.063	6.601	6.167	3.093
5.406	3.55	5.421	5.89
6.271	3.29	6.886	4.841
4.586	3.791	5.602	6.823
5.046	3.315	4.489	5.529
4.383	3.96	4.409	6.63
5.744	4.687	6.582	5.013
4.22	3.904	5.072	5.715
3.266	3.726	3.282	5.512
6.857	3.609	5.715	5.332
3.597	3.945	3.372	6.123
5.774	4.981	5.929	4.555
5.121	4.873	5.707	5.663
2.95	4.458	2.508	6.072
3.395	4.512	3.389	4.014
2.883	4.474	2.448	5.476
2.519	5.583	3.771	6.162
5.924	4.492	6.499	3.294
8.117	3.91	7.691	5.356
6.464	3.018	7.073	5.852
6.393	2.712	6.482	5.534
6.339	3.848	5.634	6.154
4.139	3.754	5.911	6.661
6.132	3.844	6.242	6.521
6.579	3.539	6.036	6.098
6.484	3.389	6.459	7.04
5.227	4.039	4.529	5.132
4.131	4.123	4.519	5.385
4.816	3.011	5.005	4.844
6.833	3.067	6.266	4.4
4.089	3.561	4.951	6.024
6.359	2.857	5.788	5.055
5.171	2.821	4.778	5.226
5.284	3.299	5.332	5.093
3.451	3.658	3.402	6.916
3.037	4.874	3.889	6.56
4.08	6.912	3.879	5.597
3.653	6.638	4.487	5.938
6.639	3.223	5.523	6.009
3.184	4.839	4.518	5.553
3.53	6.063	4.064	6.0
4.457	3.42	4.61	5.749
4.997	5.336	5.492	5.757
2.023	5.996	3.739	6.818
4.423	4.691	4.843	4.753
4.157	3.012	3.263	5.034
4.118	3.632	4.437	5.046
4.878	3.187	4.646	5.833
3.341	5.245	4.453	3.938
3.523	5.144	5.243	6.028
6.912	3.251	7.758	4.796
4.647	3.457	4.812	5.135
4.851	3.607	4.481	5.658
5.677	3.518	6.917	5.475
4.378	4.195	4.544	5.6
4.097	4.492	4.738	4.183
3.73	3.978	2.874	5.28
2.618	3.208	2.479	6.573
2.746	5.443	2.938	3.484
3.449	2.974	4.345	4.144
7.905	5.323	7.372	4.567
4.849	3.048	4.876	4.381
3.674	4.543	3.675	5.882
4.612	3.954	5.095	4.929
5.119	2.813	4.524	5.177
4.732	5.719	5.834	6.259
2.927	4.395	3.814	6.113
2.726	4.683	3.293	5.766
5.3	4.003	5.344	5.679
3.195	4.445	2.912	6.447
5.775	5.233	5.918	5.57
3.647	4.402	4.065	4.372
3.55	3.412	3.109	4.05
4.02	4.286	4.42	4.063
6.023	2.107	5.19	5.518
2.666	4.126	3.414	6.294
2.57	6.187	2.943	3.64
6.451	1.997	6.917	6.259
3.323	4.815	4.183	4.68
6.484	3.389	6.459	7.04
5.856	4.684	6.065	3.288
5.545	5.055	5.963	4.933
3.721	7.126	5.598	7.268
4.854	7.162	6.134	2.926
5.823	5.995	7.014	3.728
4.081	7.507	5.134	2.663
4.691	3.757	6.273	5.105
3.906	7.639	5.131	3.192
6.069	3.586	5.746	5.998
5.548	4.431	5.743	4.985
5.998	4.702	5.432	3.584
1.912	6.98	3.887	4.901
6.433	4.56	6.536	5.605
5.127	4.572	5.852	4.597
5.552	2.322	5.179	4.334
5.348	3.436	4.674	5.336
3.403	2.894	3.977	5.942
4.574	2.579	4.203	4.304
5.132	4.323	6.356	6.216
6.572	3.545	5.34	4.304
6.139	6.223	5.946	4.44
7.014	2.775	6.005	5.966
6.641	3.712	6.373	4.737
6.688	5.347	6.615	6.218
7.632	3.559	6.892	4.99
6.921	4.75	6.628	5.212
5.549	3.341	5.271	6.373
5.152	4.682	5.074	5.826
1.37	4.853	3.104	5.104
5.273	2.712	3.284	5.288
6.508	3.36	6.488	3.928
5.364	4.165	5.15	5.197
5.127	4.572	5.852	4.597
3.319	7.058	4.836	5.222
6.717	3.731	6.76	6.061
6.995	4.958	6.333	4.653
6.487	5.432	6.382	5.77
6.101	5.102	6.293	4.931
2.692	3.366	3.363	6.394
7.077	4.131	7.082	5.381
4.377	4.29	5.007	5.268
5.265	3.928	5.103	3.653
5.074	3.731	3.705	5.855
6.711	4.267	6.54	3.999
5.467	4.185	6.078	7.551
5.878	5.279	5.798	6.148
6.464	2.217	5.936	4.926
5.535	3.263	3.674	5.96
2.786	3.194	3.49	5.106
4.937	3.726	4.439	4.853
5.878	5.279	5.798	6.148
6.256	4.509	6.763	4.943
3.494	6.426	4.133	3.807
4.115	5.227	4.082	3.93
6.543	5.667	6.688	3.957
6.686	5.334	7.371	1.704
6.447	5.096	7.528	6.215
6.433	4.56	6.536	5.605
6.443	3.362	6.429	5.597
6.256	5.642	7.116	3.023
4.791	3.737	5.303	6.654
6.25	4.748	5.937	3.578
5.528	4.961	5.473	5.143
4.151	5.374	5.042	5.84
3.637	4.968	4.943	6.534
4.407	4.207	4.787	5.933
6.278	3.447	5.361	4.867
6.825	3.707	7.202	4.069
2.262	4.879	5.009	8.147
4.698	4.657	4.953	3.45
6.527	4.566	6.939	5.574
5.058	4.054	5.407	3.56
7.34	3.393	7.37	5.269
6.487	2.961	5.67	5.09
5.511	3.225	4.502	3.992
3.114	3.698	3.843	5.203
5.486	2.943	5.479	4.942
6.204	3.09	6.621	6.386
6.893	4.708	6.003	5.777
5.829	3.798	6.678	4.652
5.13	2.708	4.3	5.26
4.594	5.504	5.822	7.706
5.7	3.29	6.216	5.806
3.547	8.523	5.182	2.062
5.696	6.555	5.559	3.622
3.994	4.511	4.878	5.436
3.804	3.776	5.608	5.776
5.825	2.927	5.411	6.671
5.456	5.851	4.956	2.5
6.928	3.365	6.883	3.604
6.622	3.927	6.383	6.684
5.312	4.245	5.68	2.477
7.045	4.712	7.372	5.529
6.686	5.334	7.371	1.704
6.978	5.227	6.876	4.141
3.695	4.342	4.568	4.774
4.385	2.785	3.324	4.864
7.046	3.976	7.08	4.776
5.131	4.379	5.308	4.44
6.572	3.545	5.34	4.304
6.929	4.321	7.122	5.279
5.128	3.375	5.057	5.348
5.537	3.427	4.548	5.148
4.142	3.561	3.335	4.799
5.898	5.268	6.879	6.155
7.088	3.841	7.533	4.356
4.567	5.603	4.831	3.787
3.912	8.188	5.905	1.827
4.963	2.505	4.266	3.215
7.088	3.841	7.533	4.356
4.818	3.125	5.036	5.712
6.072	4.434	5.727	6.249
6.485	4.992	6.359	4.254
6.16	4.231	6.205	3.963
6.827	5.038	7.439	5.676
6.245	3.992	5.264	5.248
5.146	3.78	5.678	5.123
6.438	4.861	6.64	4.959
4.091	3.135	4.301	5.044
4.574	2.579	4.203	4.304
5.054	4.536	4.714	3.959
4.547	3.655	3.626	3.396
5.677	3.518	6.917	5.475
7.357	5.858	7.194	3.607
7.573	3.629	6.703	5.447
4.845	4.893	5.246	4.943
4.862	4.398	5.314	5.362
6.594	4.424	7.131	4.328
7.212	2.985	7.065	6.357
7.088	3.841	7.533	4.356
4.755	3.6	4.073	5.941
6.827	5.653	7.399	4.059
7.028	4.483	6.846	5.444
6.185	3.954	7.329	5.451
6.638	3.315	6.754	5.076
4.465	3.92	4.242	5.196
6.994	2.72	8.062	6.232
5.633	3.962	5.535	4.214
6.531	3.932	6.172	5.199
3.086	8.356	5.119	3.618
6.21	4.193	5.886	6.653
3.207	8.712	5.265	2.427
4.041	5.666	5.916	6.269
4.314	4.856	5.059	4.913
4.79	7.462	6.592	1.322
6.213	2.71	5.713	4.248
8.047	3.032	7.598	6.095
4.174	4.011	3.695	5.501
2.855	5.803	3.67	2.443
6.016	4.364	6.741	4.05
5.574	3.064	5.024	6.229
3.563	6.685	4.685	2.107
6.912	4.968	7.011	5.125
5.593	3.939	6.02	5.033
5.019	6.103	7.036	5.469
6.714	3.416	5.856	4.094
5.448	4.494	5.181	2.952
6.977	4.09	7.088	5.12
6.502	3.753	7.396	5.415
7.39	2.866	6.909	5.298
6.604	3.827	6.65	4.225
3.961	6.753	4.827	1.389
4.7	7.229	5.508	1.215
5.128	3.375	5.057	5.348
5.883	4.244	6.048	5.592
5.478	6.711	5.447	3.321
6.461	2.612	5.19	5.942
6.604	3.827	6.65	4.225
4.386	1.865	3.675	5.062
5.028	4.05	5.985	5.658
6.356	3.928	6.236	3.645
3.27	7.91	4.312	2.43
5.162	2.239	3.896	5.357
6.51	3.387	7.454	4.952
4.839	3.987	4.307	4.044
4.878	5.16	6.09	6.186
5.362	4.098	5.376	4.885
4.117	6.306	6.307	7.448
4.317	3.86	4.737	7.384
5.297	5.953	6.635	7.079
4.292	3.132	5.669	6.22
3.28	8.068	4.685	1.67
4.28	3.892	5.673	4.26
6.254	2.702	6.802	4.107
5.602	4.864	5.7	5.832
6.433	4.56	6.536	5.605
6.39	4.968	6.03	2.874
7.176	2.788	7.048	5.517
4.615	5.879	5.37	5.869
6.395	2.908	6.56	4.819
6.6	3.475	7.722	5.447
6.6	3.475	7.722	5.447
4.118	3.632	4.437	5.046
3.307	3.984	4.115	5.654
3.307	3.984	4.115	5.654
7.167	5.199	6.198	3.63
6.44	4.195	5.441	3.986
4.756	4.318	3.667	4.664
3.849	4.112	3.615	5.543
4.557	3.567	3.86	5.415
6.485	3.457	6.541	5.315
4.576	3.23	3.938	5.657
3.537	3.48	2.556	5.115
5.563	3.299	4.909	4.832
3.106	3.549	3.104	4.173
4.091	3.135	4.301	5.044
5.168	4.296	4.152	4.105
4.637	3.122	6.022	6.141
5.299	5.12	5.591	3.489
3.28	4.192	3.042	4.544
4.691	3.757	6.273	5.105
5.112	3.837	4.791	6.583
5.777	4.338	5.549	3.621
5.777	4.338	5.549	3.621
3.465	4.538	3.91	3.817
2.921	5.193	3.237	7.321
4.535	3.798	4.937	5.597
4.018	3.51	3.379	4.753
4.656	1.972	4.681	5.938
7.724	4.447	7.007	6.056
3.339	5.072	3.31	5.185
5.552	2.322	5.179	4.334
7.795	1.724	7.63	5.367
7.523	3.85	7.127	5.045
6.523	2.011	5.897	5.032
6.555	4.312	7.133	5.403
3.787	5.633	5.012	6.722
7.75	2.286	6.845	5.817
5.152	4.18	4.744	4.873
7.724	4.447	7.007	6.056
4.342	3.966	4.362	5.2
3.375	4.175	3.627	5.566
3.991	4.551	3.885	5.561
5.697	5.199	6.077	6.813
2.235	4.499	2.942	6.18
3.179	6.4	4.422	5.203
3.396	5.273	3.662	7.431
6.263	2.329	6.457	5.7
4.872	3.764	4.363	4.215
6.465	3.682	5.626	4.852
6.031	4.338	6.0	4.483
5.968	3.882	5.561	4.986
5.488	2.946	4.533	4.739
4.627	4.55	5.341	5.289
5.539	4.142	5.29	4.729
2.999	2.986	2.431	5.287
5.865	4.147	6.299	6.17
3.834	4.258	4.421	5.753
5.145	3.766	4.609	5.673
6.957	4.396	6.845	6.028
4.77	3.741	4.868	3.697
2.289	6.408	4.555	5.956
5.229	5.554	5.492	4.274
6.146	2.858	5.369	5.029
3.57	3.273	3.661	4.449
6.657	3.642	6.967	5.634
4.939	3.824	4.476	5.526
4.617	3.02	4.382	4.103
4.724	4.069	5.034	5.566
5.247	2.808	4.106	5.118
5.633	4.865	5.238	4.782
7.045	2.581	6.891	5.539
3.453	4.897	3.471	6.258
2.849	5.26	2.568	5.431
4.625	5.24	5.234	6.516
5.639	3.193	5.098	5.167
7.045	4.712	7.372	5.529
4.738	3.425	4.076	4.594
6.611	4.978	6.209	4.205
4.698	6.462	5.903	5.245
4.607	4.973	4.938	5.099
3.994	2.448	3.405	6.214
6.095	2.498	5.21	5.114
6.217	5.753	6.591	3.899
6.447	5.096	7.528	6.215
2.624	5.999	2.382	7.005
2.624	5.999	2.382	7.005
6.167	4.613	6.245	5.047
4.735	3.77	4.791	6.526
3.662	6.287	4.804	5.775
2.107	3.82	2.439	7.158
5.481	3.993	5.616	6.369
7.073	4.085	7.209	6.165
4.126	4.365	4.358	5.701
3.021	4.576	3.112	3.533
2.579	4.974	4.217	7.159
7.026	2.102	5.55	4.818
5.255	3.897	3.889	4.637
6.703	3.541	6.808	5.322
5.822	4.356	5.474	5.398
5.849	4.789	5.355	4.082
6.839	3.441	5.467	5.605
3.453	4.897	3.471	6.258
5.151	4.364	7.081	7.014
3.782	3.818	3.167	6.009
6.371	5.053	6.462	3.801
3.211	3.176	2.873	4.891
6.827	5.038	7.439	5.676
5.052	2.406	4.216	5.717
5.276	4.97	6.021	6.967
4.665	4.084	5.334	5.535
4.822	4.699	4.392	6.003
5.993	3.255	5.017	5.562
6.185	3.954	7.329	5.451
5.88	4.071	6.392	5.78
6.822	2.995	6.143	5.539
5.152	3.806	4.422	6.162
3.849	4.112	3.615	5.543
6.185	3.682	5.716	5.211
4.08	4.168	4.004	5.661
5.308	0.913	3.994	4.876
7.668	4.355	7.513	5.837
4.599	3.214	5.695	6.036
5.271	4.669	5.816	4.377
7.223	6.54	7.485	2.926
2.31	6.276	2.342	7.018
2.624	5.999	2.382	7.005
4.387	4.873	5.32	6.177
4.155	5.042	5.143	5.133
5.887	4.338	6.611	5.06
4.194	3.141	4.093	6.691
5.241	2.888	4.289	5.29
5.135	6.365	5.798	4.218
5.074	3.865	4.603	6.828
4.169	3.305	4.149	4.134
5.598	3.254	5.216	4.683
6.336	4.402	6.512	3.937
4.842	4.136	3.476	4.641
5.667	2.938	4.429	4.498
4.06	5.045	4.286	5.673
6.912	4.968	7.011	5.125
7.077	4.131	7.082	5.381
5.955	5.158	6.88	5.962
4.316	5.933	5.115	6.486
6.536	3.443	6.14	5.802
7.541	3.78	7.267	7.368
7.272	3.414	6.696	6.784
5.313	3.431	4.757	6.01
5.894	4.144	6.621	4.949
4.047	5.71	5.206	6.552
6.464	2.217	5.936	4.926
5.236	4.422	5.57	4.417
6.336	4.402	6.512	3.937
6.301	6.6	7.555	3.91
6.505	4.505	5.824	5.564
6.025	4.964	7.071	5.473
4.341	4.177	4.2	6.405
7.11	3.811	6.192	6.32
4.16	4.638	4.289	5.251
4.67	5.203	4.422	6.138
5.089	4.028	3.967	4.996
5.107	4.344	5.631	6.785
6.411	2.926	5.388	5.546
4.878	5.16	6.09	6.186
5.685	6.222	5.121	3.525
6.221	4.195	6.139	6.274
6.465	4.133	6.161	5.339
5.528	4.219	5.422	5.561
6.657	4.048	8.166	6.544
6.056	3.193	5.268	6.035
6.213	2.804	5.789	4.477
4.082	4.108	4.374	3.792
5.104	4.231	6.273	4.924
2.032	3.714	3.003	4.947
3.938	4.217	3.787	5.606
3.938	4.217	3.787	5.606
6.912	2.729	6.83	6.675
5.945	4.571	7.065	5.986
5.945	4.571	7.065	5.986
4.062	4.569	4.544	4.79
4.732	5.719	5.834	6.259
6.857	3.609	5.715	5.332
5.628	5.6	5.097	4.364
7.68	3.109	7.349	4.891
5.98	4.537	6.344	5.227
6.336	4.402	6.512	3.937
8.215	5.04	8.15	3.913
5.15	3.648	3.9	5.192
4.049	5.483	5.925	6.692
5.217	3.674	5.162	4.6
5.217	3.674	5.162	4.6
3.656	3.533	3.965	6.335
3.987	3.324	3.838	4.815
5.06	5.096	4.549	4.474
4.361	3.796	3.337	5.167
4.191	3.812	5.212	5.969
3.756	3.785	3.598	4.732
4.849	3.048	4.876	4.381
3.634	4.55	3.823	6.657
3.883	4.114	4.215	5.553
6.295	6.997	6.342	3.179
5.284	3.838	6.779	6.394
4.139	3.754	5.911	6.661
7.272	3.414	6.696	6.784
3.69	4.151	4.935	5.477
3.451	3.658	3.402	6.916
5.38	4.924	5.974	5.661
5.725	4.355	6.351	5.781
4.118	3.632	4.437	5.046
5.677	3.518	6.917	5.475
4.842	4.136	3.476	4.641
3.513	4.154	3.696	5.756
4.011	4.245	4.82	5.133
5.014	5.544	5.299	5.118
4.511	4.091	4.123	6.481
4.197	4.372	3.893	4.056
4.34	4.789	4.405	4.459
5.312	4.575	5.178	4.681
3.734	5.558	3.607	6.233
3.526	4.631	4.376	6.798
3.791	5.482	5.725	6.633
3.496	4.082	5.541	7.456
3.554	6.076	5.602	4.927
4.295	4.897	4.013	4.405
7.196	3.34	7.003	4.747
6.371	5.053	6.462	3.801
4.295	4.897	4.013	4.405
4.038	4.684	5.449	6.151
5.492	4.717	6.385	4.826
1.942	4.077	2.1	5.013
4.421	3.494	4.603	5.709
6.27	4.661	6.528	6.091
3.456	5.11	3.817	5.996
1.988	3.249	2.69	4.825
3.173	4.395	4.098	5.821
5.48	3.858	6.264	4.866
6.124	4.519	6.071	5.941
1.937	2.337	2.294	4.664
3.181	3.47	3.797	5.955
3.928	4.558	5.25	6.463
2.623	5.779	3.611	6.786
6.605	4.607	7.365	4.75
7.795	1.724	7.63	5.367
5.795	3.399	6.197	6.318
4.219	3.724	6.126	5.877
6.002	2.869	5.68	4.89
7.523	3.85	7.127	5.045
6.255	3.504	7.045	7.138
3.536	4.653	4.13	5.566
5.704	5.369	6.984	5.865
5.704	4.259	5.95	4.429
6.579	3.539	6.036	6.098
5.353	1.265	3.996	6.087
4.744	2.366	5.178	5.541
6.976	2.209	6.36	5.389
6.003	3.243	4.505	6.527
5.779	3.565	6.215	4.91
2.949	6.175	3.655	4.965
4.632	5.885	4.899	5.627
3.954	6.021	5.204	5.137
6.481	3.312	6.574	5.046
8.06	4.887	8.673	6.137
4.007	4.058	3.505	5.368
3.27	6.872	4.138	1.717
4.065	4.343	4.624	5.255
3.577	4.345	4.157	6.475
2.786	3.194	3.49	5.106
5.068	4.147	4.396	5.615
5.385	4.213	4.238	5.062
3.615	5.637	4.184	3.081
6.551	4.154	6.61	5.544
5.732	5.344	6.131	4.503
5.35	3.322	5.204	6.525
5.116	5.885	6.627	5.829
4.454	4.565	4.558	4.936
5.575	5.249	6.216	5.743
6.447	5.096	7.528	6.215
4.145	5.394	4.918	4.362
5.291	4.151	5.632	6.733
5.06	3.286	6.314	8.578
6.044	4.458	6.222	5.882
7.024	3.08	8.055	7.133
7.089	2.825	7.713	7.407
4.193	2.448	4.7	4.795
5.471	3.309	5.389	4.886
4.272	5.469	5.43	3.704
6.605	4.607	7.365	4.75
3.637	4.968	4.943	6.534
3.178	5.064	3.464	3.811
6.825	4.589	6.628	6.091
5.084	2.777	4.982	5.654
5.497	2.723	5.462	5.401
6.647	3.165	7.153	6.618
7.449	5.4	5.974	5.954
6.461	3.635	7.317	7.018
4.909	3.775	4.493	5.387
6.448	3.991	7.728	6.348
6.599	4.156	6.115	4.73
2.075	4.633	3.176	6.461
2.06	6.285	3.992	5.133
5.038	4.046	5.362	5.041
2.409	5.492	3.194	5.836
6.622	3.927	6.383	6.684
5.511	3.821	5.215	5.315
4.273	3.887	4.215	6.442
7.109	4.318	6.778	5.155
6.285	4.055	7.062	5.93
6.168	4.076	6.503	5.726
3.796	2.482	3.706	4.47
5.481	4.221	5.859	6.652
5.879	6.14	6.694	6.288
6.652	3.546	7.698	7.092
6.203	4.375	6.222	6.585
4.158	4.215	4.529	5.126
5.807	4.874	5.902	4.154
6.146	2.858	5.369	5.029
4.818	3.125	5.036	5.712
4.976	1.984	5.076	6.08
4.308	4.976	4.704	5.424
5.42	5.032	5.839	4.5
3.691	3.967	4.03	6.126
7.075	4.949	7.763	5.852
5.067	3.806	4.873	4.877
6.81	3.846	6.872	5.45
4.057	4.255	4.607	5.68
5.91	2.438	5.059	4.822
4.755	3.6	4.073	5.941
6.314	3.25	5.593	5.098
6.974	2.753	5.929	4.439
4.465	3.92	4.242	5.196
5.629	4.653	6.013	5.578
4.915	3.237	5.572	5.919
6.454	4.04	7.406	6.485
4.84	4.088	4.876	5.438
3.85	5.135	4.048	5.836
4.4	2.941	4.852	5.634
4.328	4.313	4.548	6.704
3.674	4.543	3.675	5.882
6.208	5.118	5.636	4.768
6.036	3.32	5.708	6.309
4.029	4.384	3.799	4.768
7.051	2.452	7.045	5.356
3.309	5.365	4.174	5.245
6.623	1.875	7.013	5.184
4.28	4.627	4.849	3.89
5.374	5.274	5.747	5.523
4.886	2.745	4.738	5.452
4.39	4.99	5.336	6.042
3.785	5.507	5.955	7.287
3.863	3.906	3.791	5.469
5.455	3.012	5.31	5.708
6.578	3.964	6.373	5.418
3.055	3.413	2.561	4.07
2.799	4.307	2.996	5.336
5.895	6.7	6.193	2.727
6.942	4.704	6.977	3.502
7.976	4.825	6.968	5.035
7.234	3.758	6.542	5.311
5.303	3.56	4.994	5.102
4.49	2.985	4.546	6.229
3.413	3.526	3.61	5.988
3.243	5.238	3.472	6.402
6.532	1.668	5.921	4.072
8.127	2.76	8.237	6.506
3.11	3.509	3.77	5.856
6.165	3.577	6.309	4.811
6.862	4.396	6.709	5.09
8.096	3.216	7.479	5.806
6.82	3.216	7.108	5.001
4.439	3.03	4.855	5.185
3.358	5.119	4.187	6.454
7.356	4.467	8.148	6.653
8.117	3.91	7.691	5.356
5.759	2.974	5.687	5.356
5.516	2.706	5.252	6.157
5.406	3.55	5.421	5.89
4.293	4.957	3.9	4.731
5.752	4.635	5.783	5.621
5.297	5.953	6.635	7.079
6.97	5.042	6.75	6.671
3.733	4.28	3.847	5.484
6.3	5.845	6.948	5.337
2.619	4.427	2.787	5.185
4.041	3.12	4.397	5.534
4.384	5.285	4.324	4.58
2.798	3.962	2.789	5.26
3.945	4.505	4.581	5.19
4.005	5.796	5.728	5.615
5.529	4.96	5.453	6.655
4.859	3.264	3.858	4.54
4.23	4.397	5.534	6.266
2.475	5.374	2.716	3.794
2.565	4.56	3.133	2.876
3.517	3.509	3.289	6.284
7.653	2.566	7.061	6.578
4.814	3.366	5.136	4.639
3.494	2.817	3.858	5.43
6.825	4.589	6.628	6.091
6.384	4.127	6.55	5.213
6.747	3.23	8.053	6.513
4.698	6.462	5.903	5.245
7.05	3.697	6.591	4.35
5.802	3.622	5.511	6.664
6.484	3.389	6.459	7.04
3.634	5.351	5.605	7.499
4.739	4.319	5.503	7.331
6.202	3.12	6.046	6.137
4.086	4.483	5.164	6.697
4.118	3.632	4.437	5.046
4.31	6.909	3.949	2.72
5.677	3.518	6.917	5.475
4.756	4.318	3.667	4.664
