5.025759313541786	-0.17094946281147286
0.001	0.001
0.001	0.001
0.001	0.001
0.001	0.001
0.001	0.001
0.001	0.001
0.001	0.001
0.001	0.001
0.001	0.001
3.4421456775629733	-0.10851307613784796
0.001	0.001
0.001	0.001
0.001	0.001
0.001	0.001
2.164791566327883	-0.0748708753904774
0.001	0.001
0.001	0.001
1.3333448377593702	-0.042033476630839686
0.001	0.001
0.001	0.001
0.07145953197906901	-0.00225274998817299
0.001	0.001
2.1608377782492876	-0.09718976706302068
0.001	0.001
3.0395858993702203	-0.10889238912138988
0.001	0.001
0.001	0.001
0.001	0.001
0.001	0.001
0.001	0.001
0.001	0.001
0.001	0.001
0.001	0.001
7.116781909172606	-0.22435537873959652
0.001	0.001
0.001	0.001
0.001	0.001
0.001	0.001
0.001	0.001
11.018118862379914	-0.35865079148139123
0.001	0.001
0.001	0.001
0.001	0.001
0.001	0.001
0.001	0.001
0.001	0.001
0.001	0.001
0.001	0.001
0.001	0.001
0.001	0.001
0.001	0.001
0.001	0.001
0.001	0.001
2.9699804318843537	-0.09362814445469947
0.001	0.001
0.001	0.001
0.001	0.001
0.001	0.001
0.001	0.001
0.001	0.001
0.001	0.001
0.001	0.001
5.133937667357002	-0.16711480705663737
1.6955526895398572	-0.05704893621869178
-1.1367801323246307	0.03700333054044442
0.001	0.001
0.001	0.001
-1.4970048649354937	0.04719283206005512
0.001	0.001
4.233538665166833	-0.13346160986162017
0.001	0.001
-1.378578385521751	0.043459456781627305
11.980661495307874	-0.4075180522932039
0.001	0.001
3.423084021142086	-0.11142480933671203
3.767499328133831	-0.12263587213189178
0.001	0.001
0.001	0.001
0.001	0.001
0.001	0.001
0.001	0.001
0.001	0.001
1.9792360742098136	-0.06239509158937262
-0.4320462207452329	0.01433652002436646
2.303168962765633	-0.08185826310310107
0.701483019846214	-0.0257922253847274
0.6873362733181448	-0.02237348330676617
2.1275835927065114	-0.06707172270188558
0.001	0.001
3.138910596018625	-0.10676895703237951
1.128943229594968	-0.03558974956431243
0.001	0.001
0.001	0.001
0.001	0.001
1.1268438017322935	-0.03552356544636725
0.001	0.001
0.001	0.001
-3.087161096353848	0.10595671299934242
0.001	0.001
-3.8007348041991675	0.11981753935522899
6.501370754016849	-0.20495464332889252
-0.7426707233301367	0.024988061408017192
-1.4019181443862938	0.05142466465736261
0.001	0.001
-0.37723057615532785	0.011892131846333937
2.6260946589713714	-0.1016354262012791
0.001	0.001
0.001	0.001
0.001	0.001
0.001	0.001
0.001	0.001
9.665565564960312	-0.3342905461425955
0.001	0.001
0.001	0.001
0.001	0.001
5.335183837423151	-0.16819079265976902
0.001	0.001
-0.5091387037815454	0.01823976412722112
0.001	0.001
2.6311204627325853	-0.08294563968091308
0.001	0.001
0.7020979993226164	-0.026036286323258107
0.001	0.001
7.77701063800052	-0.24516898078633537
0.001	0.001
0.001	0.001
0.001	0.001
0.001	0.001
0.001	0.001
0.001	0.001
0.9304744055478826	-0.029333052540943486
0.001	0.001
0.001	0.001
1.3630199569072137	-0.046362651869692996
0.001	0.001
2.4494938065479275	-0.077219889228311
0.39518493000269445	-0.01375943132300707
0.001	0.001
1.7110534259679302	-0.0539406777285029
0.001	0.001
0.001	0.001
0.001	0.001
4.74849044862288	-0.17183781567939563
0.8274329723396076	-0.026084688312791794
0.001	0.001
2.4023832279990733	-0.07819997741224022
1.2760219863363662	-0.04022638317124302
0.001	0.001
0.001	0.001
0.001	0.001
2.7805934398620225	-0.0876577506916478
-1.4074521305102266	0.04581397486127952
0.001	0.001
0.045603953772116325	-0.0014844543174148896
4.366445612671449	-0.1597750671727458
-0.5682903674358614	0.017915260330769376
0.001	0.001
0.001	0.001
-2.5780756779858343	0.08391894242179411
0.001	0.001
0.001	0.001
0.001	0.001
0.001	0.001
0.001	0.001
0.001	0.001
-0.9449029544776958	0.030757536447862412
0.001	0.001
-0.42079496257565263	0.01326549196044574
4.491756927646975	-0.1634965775941588
4.07747530318698	-0.13530220500984408
7.686029667520027	-0.25504428217473624
8.92049492115705	-0.31411195529210467
0.001	0.001
0.001	0.001
0.001	0.001
0.001	0.001
0.98574774774267	-0.0327099084447734
0.001	0.001
8.949893681538361	-0.2821439257556376
0.001	0.001
0.001	0.001
0.001	0.001
0.001	0.001
0.001	0.001
0.001	0.001
0.001	0.001
0.001	0.001
0.001	0.001
0.001	0.001
0.38437258929856033	-0.01425390016699203
1.7594665766383102	-0.05919939682723697
-0.2992013797565631	0.009928351102803552
0.001	0.001
0.001	0.001
0.001	0.001
0.08390468963067124	-0.0026450815354978423
-2.4349759873165238	0.08357259106209447
3.039495875210406	-0.0989386314455833
0.001	0.001
2.1289297069311752	-0.08850006181008342
0.001	0.001
-0.7226105872307687	0.025887339872274123
0.001	0.001
0.001	0.001
0.001	0.001
0.001	0.001
0.001	0.001
0.001	0.001
0.001	0.001
0.001	0.001
0.001	0.001
1.9419999357542475	-0.06122122845114279
0.001	0.001
0.001	0.001
0.001	0.001
0.001	0.001
0.001	0.001
0.001	0.001
1.024317283394943	-0.03334255230010401
0.001	0.001
0.001	0.001
0.001	0.001
0.001	0.001
0.001	0.001
2.2604395038603546	-0.0750077992930124
0.6276393147952083	-0.019786226131399156
0.001	0.001
0.001	0.001
3.6742756576406	-0.1474803224785221
2.1183017042152255	-0.0720532989776271
0.001	0.001
3.6742756576406	-0.1474803224785221
3.158091915866969	-0.10479445442786275
0.001	0.001
0.001	0.001
0.001	0.001
0.001	0.001
1.230911560628753	-0.040845139686071424
1.6015402454873315	-0.05048829273240865
0.001	0.001
0.001	0.001
0.001	0.001
0.001	0.001
0.001	0.001
1.319330028095956	-0.045629979194738816
0.001	0.001
0.001	0.001
0.001	0.001
0.001	0.001
0.001	0.001
0.001	0.001
0.001	0.001
0.001	0.001
0.001	0.001
0.001	0.001
0.001	0.001
0.001	0.001
0.001	0.001
0.001	0.001
0.001	0.001
0.001	0.001
0.001	0.001
-0.008411846576904011	0.00030440691778680767
2.8298229815938267	-0.08920970389484773
0.09744219993595621	-0.0033144626901125377
-1.166421814082376	0.03677125577380564
0.001	0.001
0.001	0.001
0.001	0.001
0.001	0.001
0.001	0.001
3.8701127319589994	-0.12842132627055963
0.001	0.001
0.001	0.001
0.001	0.001
0.001	0.001
0.001	0.001
0.7603387125713592	-0.025230196804587095
0.001	0.001
0.001	0.001
0.001	0.001
0.001	0.001
0.001	0.001
-1.9992168789589981	0.06914435558199465
0.3625849532048148	-0.01143043099251057
0.001	0.001
0.001	0.001
0.001	0.001
1.6741571496475283	-0.05555328654063431
0.001	0.001
0.001	0.001
0.001	0.001
0.001	0.001
0.001	0.001
7.169731508099371	-0.22602460613379458
-0.8664334183230384	0.03333320635713166
0.001	0.001
6.77178519373945	-0.21347941404898801
0.001	0.001
0.001	0.001
0.001	0.001
0.001	0.001
0.001	0.001
0.001	0.001
0.001	0.001
0.001	0.001
-1.2984344329573223	0.04368740859951569
0.001	0.001
2.5902371082013977	-0.0816567986559875
0.001	0.001
-0.1690473911851478	0.005329191193199555
0.001	0.001
0.001	0.001
0.001	0.001
0.001	0.001
0.001	0.001
0.001	0.001
0.001	0.001
0.001	0.001
0.001	0.001
0.001	0.001
0.001	0.001
0.5552778752228429	-0.019204685222152993
2.7757759187253583	-0.08750587913045674
0.001	0.001
0.001	0.001
0.901691128936021	-0.029920671226997417
0.001	0.001
2.0627375728042057	-0.08519052584352732
0.001	0.001
0.001	0.001
0.001	0.001
0.001	0.001
0.001	0.001
0.001	0.001
2.2686494565033293	-0.07151880084805894
0.001	0.001
0.001	0.001
0.001	0.001
0.001	0.001
0.001	0.001
0.001	0.001
0.001	0.001
0.001	0.001
0.001	0.001
0.001	0.001
0.001	0.001
4.884640676743504	-0.1539874936486618
0.001	0.001
0.001	0.001
0.001	0.001
0.001	0.001
0.001	0.001
0.001	0.001
0.001	0.001
0.001	0.001
0.001	0.001
0.001	0.001
0.001	0.001
0.001	0.001
0.001	0.001
0.001	0.001
0.001	0.001
0.001	0.001
0.001	0.001
0.001	0.001
0.001	0.001
0.001	0.001
3.325976659372976	-0.12036005343825756
0.001	0.001
0.001	0.001
0.001	0.001
0.001	0.001
0.001	0.001
0.9472735244840863	-0.029862642001394112
0.001	0.001
0.001	0.001
0.001	0.001
-0.9431233782494317	0.03069960946134681
2.0064481478489338	-0.07099558515269629
0.001	0.001
0.001	0.001
-2.218454430381396	0.06993641090831444
4.971586285184458	-0.15672843964932162
0.8721009746886758	-0.03036455228157244
0.001	0.001
0.001	0.001
0.001	0.001
1.0167902562673798	-0.03205414553305046
0.001	0.001
3.816373614819078	-0.1544478070850147
1.2393011005655785	-0.041123528435988176
0.001	0.001
0.001	0.001
0.001	0.001
0.001	0.001
0.35569735749297576	-0.01121330067093317
-0.5153163768775925	0.017099660178131748
-0.2784243858460296	0.008777282953734322
0.001	0.001
0.001	0.001
0.001	0.001
0.001	0.001
-0.8339938573007006	0.03018047193717071
6.011339093586878	-0.1895064758603265
1.3223597970655678	-0.044492406627262435
0.001	0.001
0.001	0.001
-2.089122328257312	0.073171350541884
0.001	0.001
0.001	0.001
0.001	0.001
0.001	0.001
0.17905641255744842	-0.00671210818804721
-2.993948913925168	0.09438374690742452
0.001	0.001
-2.3505774977103364	0.08681032248719993
0.001	0.001
1.516226482657165	-0.05031269870291769
0.001	0.001
-2.4800183130190376	0.08229404748423613
0.001	0.001
1.9844663869400196	-0.06255997633763215
0.001	0.001
1.1242717602725858	-0.03544248226253623
-0.39190309085346886	0.013450792499996147
0.2137454703674342	-0.007270478162223807
-1.0501185436508977	0.0331048143092053
0.001	0.001
0.001	0.001
0.001	0.001
0.001	0.001
0.001	0.001
-1.153316289994882	0.036358106283241515
0.001	0.001
0.001	0.001
0.001	0.001
4.829201240832791	-0.15719533151537318
1.0472861580518023	-0.03562307602881952
0.001	0.001
0.001	0.001
0.001	0.001
-1.5524447381703477	0.05223389482220035
3.246395885886364	-0.10234209616258712
1.6567049171856234	-0.052227349931276035
0.0092130331142654	-0.0003057145911379311
0.0092130331142654	-0.0003057145911379311
8.365010727906823	-0.281450978450299
-1.4819464293442215	0.04671811735565321
0.001	0.001
-1.9320814926280416	0.06866922823163811
0.001	0.001
-1.9320814926280416	0.06866922823163811
0.001	0.001
0.001	0.001
1.1193784745615216	-0.03528822223560301
0.001	0.001
0.001	0.001
1.8306704123335584	-0.06331505464766754
0.001	0.001
0.001	0.001
0.09670086488183878	-0.0032088091949068016
0.001	0.001
-1.0597669115096988	0.033408977518476934
-1.099913151872224	0.03467458114051519
0.001	0.001
2.268160973966536	-0.09557259119382712
0.001	0.001
0.001	0.001
0.07201046694081815	-0.0025976844176375568
2.174468667168302	-0.08151212646947074
-2.062644309774994	0.06714113574970086
0.001	0.001
0.001	0.001
0.001	0.001
0.001	0.001
3.2304451859437937	-0.10183925297131767
3.2863355773210867	-0.11279272597630169
0.001	0.001
0.001	0.001
-2.014417386469253	0.06557130114995138
0.001	0.001
1.093629450286954	-0.034476488481917235
0.001	0.001
5.544300399566874	-0.17478315787472778
0.001	0.001
0.001	0.001
0.001	0.001
0.001	0.001
0.001	0.001
0.001	0.001
0.001	0.001
0.001	0.001
0.001	0.001
5.933629818397288	-0.196894680763318
-0.176186327000364	0.0065463515753181375
0.001	0.001
3.0849022332782137	-0.10493188127490675
0.001	0.001
2.1587725205654613	-0.08259747491857054
0.001	0.001
0.001	0.001
0.001	0.001
-0.8009573220361664	0.025250047793099906
0.001	0.001
1.1262306400087385	-0.04906716350248513
0.001	0.001
1.1508200163266804	-0.04797819678049607
1.1508200163266804	-0.04797819678049607
0.001	0.001
0.001	0.001
0.001	0.001
0.0551873516490946	-0.0019971134117499115
3.765012008740792	-0.14041148487093238
0.9884805187260195	-0.034621454934072385
-1.0564689698887633	0.041442826901130735
-1.0564689698887633	0.041442826901130735
0.001	0.001
0.001	0.001
0.001	0.001
0.001	0.001
0.001	0.001
0.001	0.001
0.001	0.001
0.4894377852287232	-0.01593168954208075
0.001	0.001
-0.4004262265934956	0.012623370909942033
-0.619991586097998	0.01954513274252506
0.001	0.001
0.001	0.001
0.001	0.001
0.001	0.001
0.001	0.001
0.001	0.001
-0.8193077401373056	0.02582854170448487
0.001	0.001
0.001	0.001
8.286206495939995	-0.2612212964282413
0.001	0.001
0.001	0.001
0.001	0.001
0.001	0.001
-1.7338742097345143	0.05466009918196735
0.001	0.001
0.001	0.001
10.050158342477406	-0.31682958816164947
3.943958180361936	-0.1308717278685898
-1.7191566371912377	0.05419613012907021
0.001	0.001
0.001	0.001
0.001	0.001
0.001	0.001
0.001	0.001
0.001	0.001
0.001	0.001
0.001	0.001
0.001	0.001
0.7386548857778978	-0.02328597374087867
0.001	0.001
1.9812088141668611	-0.06574213237593268
0.14887599230237303	-0.004940128028683718
0.001	0.001
0.001	0.001
1.6012888265062952	-0.05048036679039826
0.001	0.001
0.001	0.001
1.2838703006134018	-0.04047379998751812
0.001	0.001
2.2297405297413753	-0.07711718206596069
0.001	0.001
0.001	0.001
0.001	0.001
0.001	0.001
0.001	0.001
0.001	0.001
0.001	0.001
0.1247934363010104	-0.004283126763279316
2.620259506071696	-0.11193796734089818
1.9526609556843268	-0.07241160035136743
-0.6383145726674265	0.020122761879386244
2.620259506071696	-0.11193796734089818
0.001	0.001
0.001	0.001
2.043003085929841	-0.06440533614205449
0.001	0.001
-0.9860775035799938	0.03608211651939836
0.001	0.001
-0.557015989094188	0.019954955654928986
0.001	0.001
2.555042185816026	-0.0805472845185227
0.001	0.001
1.534656296725166	-0.04837978725231309
0.001	0.001
0.001	0.001
2.148012621350718	-0.0722725019330645
0.001	0.001
0.001	0.001
9.183138429853116	-0.3859076137211172
0.001	0.001
0.001	0.001
0.001	0.001
0.001	0.001
12.764309850036625	-0.5003341826314183
0.001	0.001
0.001	0.001
0.001	0.001
11.412455452795326	-0.3881907205063381
0.001	0.001
0.001	0.001
-3.18818406384004	0.10579299731813034
0.001	0.001
0.001	0.001
0.001	0.001
0.001	0.001
0.001	0.001
0.001	0.001
0.001	0.001
0.001	0.001
9.799230881674266	-0.338913457386053
0.001	0.001
0.001	0.001
0.001	0.001
0.001	0.001
1.168453952160676	-0.04253084602125067
4.699673804573433	-0.16130094055986996
0.001	0.001
4.278623277663992	-0.13488289485267646
0.001	0.001
0.001	0.001
0.001	0.001
0.001	0.001
0.8254902752829475	-0.028078765876328
0.001	0.001
3.4336308403043865	-0.12564191720697945
0.001	0.001
1.461450976241994	-0.04971074890926415
0.001	0.001
4.1581568212075215	-0.13108520963362066
3.7774661728928773	-0.14035494157033637
0.001	0.001
0.001	0.001
-0.1759988739329265	0.0061643471640387614
0.001	0.001
0.001	0.001
0.32665769267253286	-0.011821050287675817
5.112791416086703	-0.16965693251685443
0.001	0.001
2.259895710118914	-0.07756353286789062
0.001	0.001
2.5971750739638124	-0.1109517961615216
0.5479983343340543	-0.020052115254725028
0.001	0.001
2.37114575658164	-0.0834937115558415
2.9206064545701147	-0.09826736283370058
0.5129862505910955	-0.01919785291963747
0.001	0.001
0.1847219179509705	-0.006876433601987565
0.001	0.001
0.001	0.001
0.001	0.001
0.001	0.001
0.001	0.001
0.001	0.001
0.001	0.001
12.002351546521597	-0.4151099722531969
0.001	0.001
0.001	0.001
0.001	0.001
0.001	0.001
0.001	0.001
5.445303576936891	-0.17166229932958396
0.001	0.001
0.001	0.001
0.001	0.001
0.001	0.001
0.001	0.001
-0.18928738788059202	0.007703604662422058
4.6882856414603955	-0.1526083877840303
0.001	0.001
0.001	0.001
0.001	0.001
0.001	0.001
1.7863119667561722	-0.0601026426880397
0.001	0.001
-0.4461424180363414	0.015533653981212025
0.001	0.001
2.49342851223576	-0.07860492359640114
0.001	0.001
0.001	0.001
0.001	0.001
0.001	0.001
0.001	0.001
-0.23437806662183275	0.007388729987274412
0.001	0.001
0.001	0.001
0.001	0.001
0.76581440613129	-0.024928025039249957
0.001	0.001
0.001	0.001
0.001	0.001
-2.5581260143886113	0.08064450170688119
0.001	0.001
0.001	0.001
0.001	0.001
0.001	0.001
0.001	0.001
0.001	0.001
0.001	0.001
1.0552735973338185	-0.038800446618013476
0.001	0.001
0.001	0.001
0.001	0.001
1.124943786996438	-0.036618045658948196
0.001	0.001
6.063128790750155	-0.191139137542273
0.001	0.001
0.001	0.001
0.001	0.001
0.001	0.001
-2.1318620569700784	0.07074123462119378
-1.3220543874583695	0.044969222209785394
-1.796652797073783	0.06045057252406136
-2.7507488552374513	0.10757183073602855
2.205205814028252	-0.08437407377539446
0.001	0.001
2.5434120120734507	-0.08439763037021669
0.001	0.001
0.001	0.001
0.001	0.001
0.001	0.001
0.001	0.001
0.001	0.001
0.001	0.001
-0.004847899421641614	0.00015780397600633468
0.001	0.001
0.001	0.001
-2.485548698917846	0.08090709668926875
1.5725153819511843	-0.05672645766270532
0.001	0.001
1.8420239829492735	-0.0580695029883318
1.1949782911559077	-0.037671494015059495
0.001	0.001
0.001	0.001
0.001	0.001
0.001	0.001
-1.584163486855019	0.04994049327557911
0.001	0.001
0.001	0.001
-2.3911386018094087	0.07538025100029914
-1.3330745209403785	0.042024954937597066
0.001	0.001
0.001	0.001
0.001	0.001
0.001	0.001
-0.023150567644987224	0.0009127523809432476
-0.023150567644987224	0.0009127523809432476
0.001	0.001
0.001	0.001
0.001	0.001
2.308519491443897	-0.07277569713961496
0.001	0.001
0.001	0.001
0.001	0.001
0.001	0.001
0.001	0.001
0.001	0.001
0.001	0.001
0.001	0.001
0.001	0.001
0.001	0.001
0.9212969044712515	-0.029043733329506525
0.001	0.001
0.001	0.001
4.168753974310446	-0.1314192831416066
0.001	0.001
1.5442515966871042	-0.048682277504867554
4.4411748258719665	-0.15242880812426637
0.001	0.001
4.0464250634583045	-0.13427186991545603
0.001	0.001
0.001	0.001
0.001	0.001
0.001	0.001
0.001	0.001
1.5236289268362615	-0.048032151230934086
0.001	0.001
0.001	0.001
1.8439851729672019	-0.05813132918096608
0.001	0.001
-0.6517967644718643	0.024122232348825802
-0.6517967644718643	0.024122232348825802
2.8341105133084277	-0.08934486762670911
3.5137393795718332	-0.13611689356828668
4.153894329170089	-0.17796066082746728
4.418305849024287	-0.139286364932386
0.001	0.001
0.001	0.001
2.198922327677794	-0.07157712156477829
-0.4847590766859311	0.015281950133550373
0.001	0.001
0.001	0.001
-2.657897042655768	0.08378976695735439
0.001	0.001
0.001	0.001
-3.008296502155378	0.09483605226572694
0.001	0.001
0.001	0.001
0.001	0.001
0.001	0.001
0.5471782169798385	-0.01724970326129343
0.001	0.001
0.001	0.001
0.001	0.001
0.001	0.001
0.001	0.001
0.001	0.001
0.001	0.001
0.001	0.001
0.001	0.001
0.001	0.001
2.0495527050995497	-0.06461181180874959
0.001	0.001
4.010106098899627	-0.1264179349721269
0.001	0.001
-1.1319635301574518	0.037561763158031086
0.001	0.001
0.001	0.001
0.001	0.001
0.001	0.001
2.9223623605823446	-0.10837157096850225
0.001	0.001
0.001	0.001
0.001	0.001
0.001	0.001
0.4561694066830926	-0.01513699581062169
6.715757237268876	-0.2594145161152323
2.1145761403970456	-0.06666166490798772
7.6505131930979084	-0.24118116964881295
0.001	0.001
0.001	0.001
0.9551984570996858	-0.032490744767572986
0.001	0.001
0.001	0.001
0.001	0.001
0.001	0.001
1.0563203984419476	-0.03677864937145843
0.001	0.001
0.001	0.001
-0.45056195659756043	0.014203891549326896
0.001	0.001
0.001	0.001
0.001	0.001
0.001	0.001
-0.7096696464184484	0.02354885335882298
0.001	0.001
-3.792341419549345	0.11955293928513397
0.001	0.001
0.001	0.001
0.009097749496982202	-0.00032922829224877746
4.039824900821249	-0.13150034195699484
0.4948059120391866	-0.016419064733140545
0.7840625274376806	-0.028373562825640943
0.001	0.001
0.001	0.001
7.105532469280043	-0.23578173731946336
-4.614001644034619	0.14545564267162672
0.001	0.001
0.001	0.001
0.001	0.001
0.001	0.001
0.9758729998075546	-0.03397765577937749
4.901570669228625	-0.154521208876209
0.001	0.001
-0.4196838039730502	0.01366112767042188
0.001	0.001
-0.13464248925923636	0.004764151180095591
0.001	0.001
-0.253826659040746	0.008262311679616169
0.001	0.001
0.001	0.001
1.5680278327119732	-0.05104087460765755
-3.42821696296423	0.1080739757018589
6.77352633324289	-0.21353430318535868
0.001	0.001
0.001	0.001
0.001	0.001
0.001	0.001
0.001	0.001
0.001	0.001
0.001	0.001
0.001	0.001
0.001	0.001
0.001	0.001
0.001	0.001
-1.4509520752984395	0.048146708576762086
-0.7382659083808656	0.023273711292436935
-0.05996827060953231	0.0020397999599403916
0.045076706569385706	-0.0014210357579840388
0.001	0.001
0.001	0.001
0.5484237392219687	-0.02006768148423328
6.3496505519626965	-0.20017168892214932
0.001	0.001
0.001	0.001
0.001	0.001
0.001	0.001
0.001	0.001
0.3254050200592955	-0.011657551797990698
0.001	0.001
0.001	0.001
0.001	0.001
0.001	0.001
2.102722043324442	-0.08323791218069267
0.001	0.001
0.001	0.001
0.001	0.001
1.1503649266709337	-0.03626506504005137
0.001	0.001
0.001	0.001
0.001	0.001
-0.41329340431654893	0.014749636530493541
0.001	0.001
0.001	0.001
6.572924223093036	-0.23021617064156127
0.8957615250731087	-0.030469018105548487
0.8016073207099789	-0.027910125209616304
3.66004145060811	-0.17345508559220255
-0.54437446876732	0.017719933549844576
0.001	0.001
0.5497252233344901	-0.018241443377609273
0.001	0.001
0.001	0.001
0.001	0.001
0.001	0.001
0.5273358350670438	-0.017498499919671152
4.101224965162606	-0.12929044223898653
0.001	0.001
0.001	0.001
13.370635277100702	-0.4215070771968746
0.001	0.001
0.001	0.001
0.001	0.001
0.001	0.001
0.001	0.001
0.3608284655961263	-0.012273455315407028
4.997752004834941	-0.18764867179046002
0.001	0.001
0.001	0.001
-2.4110676800417283	0.08000606975660583
-1.3530035991726979	0.04489650009927393
0.001	0.001
0.001	0.001
0.001	0.001
0.001	0.001
13.271099603549787	-0.41836923146510724
0.001	0.001
0.001	0.001
0.001	0.001
0.001	0.001
-2.4906386878825373	0.07851697484268459
0.001	0.001
6.587405030477533	-0.21442662377295757
0.001	0.001
0.001	0.001
3.50522798837367	-0.11409867764681171
0.001	0.001
0.001	0.001
-0.45251991736079794	0.015392308297749388
0.38946396156355484	-0.012677441568104108
0.001	0.001
0.001	0.001
2.3599961857852505	-0.08590208814199721
-0.8298672467893042	0.02616142841429946
4.981704700281748	-0.1734515121681408
1.792814826663149	-0.06422713362634355
0.001	0.001
0.001	0.001
0.001	0.001
0.001	0.001
0.001	0.001
0.001	0.001
0.001	0.001
-4.670718588440512	0.15498770121367134
3.0170273846477946	-0.09511129189978014
0.001	0.001
-0.9424750502416892	0.02971137089041098
6.365025777849612	-0.20065639038849886
0.001	0.001
0.001	0.001
0.001	0.001
0.001	0.001
0.001	0.001
0.001	0.001
0.001	0.001
0.001	0.001
-0.5207651925221918	0.016951427989378234
-0.5207651925221918	0.016951427989378234
0.001	0.001
6.501925730907955	-0.22772945385654975
0.001	0.001
0.001	0.001
-1.4074681362362325	0.048678299141271524
2.8446113049542494	-0.08967590335561454
0.001	0.001
0.001	0.001
-2.185490594809086	0.0688972314155435
-1.1815325324440786	0.0426222572752415
-0.5027888175106375	0.01738931335889303
0.001	0.001
-0.5027888175106375	0.01738931335889303
0.001	0.001
0.9777514509957697	-0.03355812237988079
0.38843108310204383	-0.012245225984973643
0.001	0.001
0.001	0.001
0.8164929230537815	-0.02657766146379554
3.956347581919108	-0.15154754740359633
0.001	0.001
6.458040585208685	-0.21966801432002867
4.267914697878511	-0.1627163525613039
4.526212087850265	-0.16750979077298112
0.001	0.001
4.4480451809926285	-0.1402238924795798
0.001	0.001
1.3034809977275368	-0.04109202398743001
0.001	0.001
0.001	0.001
0.001	0.001
0.001	0.001
0.001	0.001
0.001	0.001
0.001	0.001
0.001	0.001
0.001	0.001
0.001	0.001
0.001	0.001
0.001	0.001
0.001	0.001
6.03820209966602	-0.20538735360917545
0.001	0.001
0.001	0.001
0.001	0.001
0.001	0.001
3.69928088850192	-0.11661922135541307
0.001	0.001
0.001	0.001
0.001	0.001
0.001	0.001
0.001	0.001
0.001	0.001
1.100509520049561	-0.038317213061070325
4.029962393794429	-0.14031403168976497
0.001	0.001
0.001	0.001
2.2294248559681478	-0.07028225176993731
0.001	0.001
0.001	0.001
0.001	0.001
0.001	0.001
1.6813410217263987	-0.0577065344285052
0.001	0.001
0.001	0.001
0.001	0.001
0.001	0.001
0.001	0.001
0.001	0.001
0.001	0.001
0.001	0.001
0.001	0.001
0.001	0.001
0.001	0.001
0.001	0.001
0.001	0.001
0.001	0.001
0.001	0.001
0.001	0.001
0.001	0.001
0.001	0.001
0.001	0.001
0.001	0.001
0.001	0.001
0.29038641006163485	-0.009770404593487958
0.001	0.001
-1.0320970540820567	0.03978837665314353
1.2459775956413697	-0.04055781721239608
1.6972034025355103	-0.056318026631278446
8.78997291381317	-0.2771024498653804
2.0156731894848643	-0.06781978049638543
0.001	0.001
0.8277075210832129	-0.02815418472447201
0.001	0.001
0.001	0.001
0.001	0.001
0.001	0.001
0.001	0.001
0.001	0.001
0.001	0.001
0.7563691141547106	-0.023844411875878595
0.001	0.001
0.001	0.001
0.001	0.001
0.001	0.001
0.6456151764954593	-0.020352912213873097
0.001	0.001
3.8154673613174337	-0.13095344478101445
0.001	0.001
-1.5483087811756027	0.04881017957832583
0.001	0.001
0.001	0.001
0.001	0.001
0.001	0.001
1.4804994318452285	-0.06271368158641275
0.001	0.001
0.001	0.001
0.001	0.001
0.001	0.001
0.001	0.001
0.001	0.001
0.001	0.001
0.001	0.001
0.001	0.001
-1.3242186836553054	0.0417457761242646
0.001	0.001
0.001	0.001
0.2908680581706193	-0.015284064277671157
-1.051935398312053	0.03828965819935084
-0.8337971966146812	0.03260679023155208
0.001	0.001
0.001	0.001
0.001	0.001
0.001	0.001
7.490462062901063	-0.2361355841030858
0.001	0.001
0.001	0.001
0.001	0.001
1.8188292604733503	-0.05920471198269306
0.001	0.001
0.001	0.001
0.001	0.001
0.001	0.001
0.001	0.001
2.3998339148434193	-0.07565436931302844
0.001	0.001
3.659447617931341	-0.1444782777567528
0.001	0.001
0.001	0.001
0.001	0.001
1.2393011005655785	-0.05124919820652727
0.001	0.001
-0.4470159204325472	0.014092103342665616
0.001	0.001
0.001	0.001
0.001	0.001
1.9470921686369758	-0.06337979795745563
3.4391958587990636	-0.11194926577070684
0.001	0.001
0.001	0.001
0.001	0.001
6.827497050178634	-0.23433151781552405
0.001	0.001
9.990035854410127	-0.36461190585092995
0.001	0.001
0.001	0.001
0.001	0.001
0.001	0.001
0.001	0.001
0.001	0.001
0.001	0.001
0.001	0.001
-2.005392963986109	0.06527754717010523
-0.9473288831170783	0.030836502851969982
0.001	0.001
3.754110277419987	-0.12220004513676827
0.001	0.001
0.26129748152129173	-0.008670592164155293
0.001	0.001
0.001	0.001
-1.1761272282359858	0.04000556041813255
1.3372122755632496	-0.042155396971284974
0.001	0.001
-0.6233984684138845	0.02029224379384059
0.001	0.001
0.001	0.001
0.001	0.001
0.001	0.001
0.001	0.001
7.321564670532774	-0.23081112159790793
0.001	0.001
0.001	0.001
4.142538759480756	-0.14327268642653693
0.685340651043873	-0.027948732844603922
0.001	0.001
0.001	0.001
0.001	0.001
0.001	0.001
0.001	0.001
5.879163896619499	-0.20591726800966395
0.001	0.001
6.104734560360344	-0.21255283172840925
0.001	0.001
-1.206897330199726	0.038047239759837946
0.001	0.001
5.551171010626895	-0.17499975275795118
0.001	0.001
0.007042526105898471	-0.00024171168724378472
2.4633938197028917	-0.08628018104356308
1.733147823343054	-0.054637199970491254
0.001	0.001
0.001	0.001
0.001	0.001
0.001	0.001
0.001	0.001
0.001	0.001
0.001	0.001
0.001	0.001
0.001	0.001
0.001	0.001
0.001	0.001
0.001	0.001
0.001	0.001
0.001	0.001
0.001	0.001
0.001	0.001
0.001	0.001
0.001	0.001
0.001	0.001
0.001	0.001
0.001	0.001
0.001	0.001
4.250210606104681	-0.14699659478660004
0.001	0.001
0.7019760546654109	-0.022850022835236766
0.001	0.001
-3.657020915095032	0.1264807021116133
0.001	0.001
4.045081887125073	-0.13167146212026615
0.001	0.001
0.001	0.001
0.001	0.001
0.001	0.001
0.001	0.001
0.001	0.001
0.001	0.001
0.001	0.001
0.001	0.001
0.001	0.001
0.001	0.001
0.001	0.001
0.001	0.001
0.001	0.001
0.001	0.001
0.001	0.001
0.001	0.001
0.001	0.001
0.001	0.001
0.001	0.001
3.444507429554992	-0.1279835786440781
0.001	0.001
2.730952112919705	-0.10220238248879832
0.001	0.001
0.001	0.001
0.001	0.001
0.001	0.001
0.001	0.001
-4.093479783833427	0.1358332791085171
0.001	0.001
4.747232879037833	-0.14965573543413843
0.001	0.001
0.001	0.001
0.001	0.001
0.001	0.001
0.001	0.001
0.001	0.001
0.001	0.001
0.001	0.001
0.001	0.001
0.001	0.001
0.001	0.001
0.001	0.001
0.001	0.001
0.001	0.001
0.001	0.001
0.001	0.001
8.65835394631509	-0.2729531835706965
0.001	0.001
0.001	0.001
0.001	0.001
0.001	0.001
0.001	0.001
0.5442020062078919	-0.017714319721003888
1.415590799083729	-0.04462626702939695
0.001	0.001
0.001	0.001
0.001	0.001
0.5149154338892065	-0.017324957181918833
0.001	0.001
0.001	0.001
4.751856509188605	-0.154677683124792
0.001	0.001
0.001	0.001
-0.39911103648938384	0.012991463507860302
4.390371245432185	-0.13840573115031538
0.001	0.001
1.157916860639671	-0.03650313851587177
7.335532420435895	-0.23125145261544489
0.001	0.001
0.001	0.001
-3.4546159322067544	0.10890619886372196
0.001	0.001
0.001	0.001
0.001	0.001
0.001	0.001
0.230579145216256	-0.007843069783313813
0.230579145216256	-0.007843069783313813
0.001	0.001
0.001	0.001
-1.127377443155354	0.03869354544776652
-2.318282774117223	0.07308348301950719
0.001	0.001
0.001	0.001
-0.8706772397556992	0.027447956727965357
-0.5286197576967034	0.01666465088587573
-1.4979794581343293	0.04722355595029545
2.426971427883031	-0.07900034791646432
2.203880533988332	-0.08219100962680347
0.001	0.001
0.001	0.001
0.001	0.001
0.001	0.001
0.001	0.001
0.9126360613374945	-0.0302838551527089
-0.330268957324666	0.010411674539443859
0.001	0.001
-0.14290016013145865	0.00450490403632022
0.001	0.001
0.001	0.001
0.001	0.001
0.001	0.001
1.9522150183176203	-0.0656846530056217
0.001	0.001
0.001	0.001
8.49499561547662	-0.2765206056656701
0.001	0.001
-0.2725317602049455	0.01023264515200033
0.001	0.001
7.2199662468017705	-0.2276082480061042
0.001	0.001
0.001	0.001
3.5742336027132073	-0.12361744328999552
0.001	0.001
0.001	0.001
0.001	0.001
12.318784193704705	-0.5116376354620763
0.001	0.001
0.001	0.001
0.001	0.001
0.001	0.001
3.4482953557057177	-0.10870694372947161
0.001	0.001
0.001	0.001
0.001	0.001
0.001	0.001
0.001	0.001
0.001	0.001
0.9041340201556768	-0.03042069076780413
0.001	0.001
0.001	0.001
0.001	0.001
0.001	0.001
0.001	0.001
0.001	0.001
1.0900736419837906	-0.034364392210208615
6.846850368339659	-0.22287182906912822
0.001	0.001
0.001	0.001
0.7342089807467058	-0.02436313812996356
3.671444223317878	-0.11950918237673804
0.001	0.001
0.001	0.001
0.001	0.001
-0.6178652134082828	0.01947809919334074
0.001	0.001
2.2343481446465097	-0.07043745763547811
2.8346642008823	-0.09803890289452495
0.001	0.001
8.964680709913987	-0.2826100843922218
0.001	0.001
0.001	0.001
0.001	0.001
0.001	0.001
-1.4016289337658197	0.04935470608642683
-0.852168235777345	0.028672238633675358
0.001	0.001
0.001	0.001
0.001	0.001
5.786209593145138	-0.1824093054001831
-0.16437147850387762	0.005723037237072316
0.001	0.001
5.746330161411118	-0.1811521128762596
0.001	0.001
5.668946896139801	-0.17871261817069942
7.071645369688345	-0.23465726716202032
0.001	0.001
6.560874536197739	-0.22074861799544532
1.311212882087828	-0.041335770369736326
0.001	0.001
0.001	0.001
0.001	0.001
3.8437057725792694	-0.12117219206325974
-1.0615083083417045	0.03346387476708828
0.001	0.001
0.001	0.001
0.001	0.001
0.001	0.001
0.001	0.001
0.001	0.001
5.785743285149016	-0.1823946051173285
0.001	0.001
0.001	0.001
0.001	0.001
0.001	0.001
3.8811376950324465	-0.1332073643157711
-1.9362791904812233	0.06104088289766337
0.001	0.001
0.001	0.001
0.001	0.001
0.001	0.001
0.001	0.001
0.001	0.001
3.907109999124756	-0.15657978651320098
0.001	0.001
9.646406650745078	-0.3200951552661268
4.604919238295125	-0.14516932132504665
0.001	0.001
0.4238688601345552	-0.014659809795393148
0.001	0.001
0.001	0.001
0.001	0.001
0.001	0.001
2.6291889063918235	-0.10726318431627084
3.9303957109051	-0.1304216866331581
0.001	0.001
0.001	0.001
-0.7580261978783479	0.025783998643780136
0.001	0.001
-0.27446468186284967	0.008652453937167437
0.001	0.001
0.001	0.001
0.001	0.001
0.001	0.001
0.001	0.001
0.001	0.001
0.001	0.001
1.195006179374891	-0.037672373186574404
0.001	0.001
2.1154226315541376	-0.06668835040243913
4.540597342433067	-0.15066990890486814
0.001	0.001
0.001	0.001
0.001	0.001
0.001	0.001
0.001	0.001
0.001	0.001
1.6196549304565067	-0.05105935519559438
1.2589263803671866	-0.03968744700585979
0.001	0.001
1.9739061350981535	-0.06641447705966548
-1.152716292048663	0.03633919144670656
0.8135042133160992	-0.02564558647631932
2.4563163516640247	-0.07743496884056061
-1.3054693439453304	0.04249433313515302
7.753965019302756	-0.269975247192164
0.001	0.001
0.001	0.001
0.9018856180349014	-0.03351032078878261
0.31531069702563075	-0.00994011784464756
0.001	0.001
0.001	0.001
0.001	0.001
0.001	0.001
0.001	0.001
0.001	0.001
0.001	0.001
-1.901479214115656	0.05994381936849116
0.001	0.001
-0.7338120359801437	0.02554964915538641
3.7831284937389418	-0.11926250331479339
0.001	0.001
11.67850763327331	-0.38014710662598755
0.001	0.001
0.001	0.001
0.001	0.001
0.001	0.001
0.001	0.001
0.001	0.001
0.001	0.001
0.001	0.001
0.001	0.001
0.001	0.001
0.001	0.001
0.001	0.001
0.001	0.001
1.7712164921713605	-0.07473911711383782
0.001	0.001
0.001	0.001
2.1741188129010673	-0.07655592177268172
0.001	0.001
0.001	0.001
-3.0346093563633816	0.10495415009605913
0.001	0.001
0.001	0.001
0.001	0.001
-2.3225903103965146	0.0770701394771234
-1.2645262295274846	0.041960569819791516
0.001	0.001
0.001	0.001
0.001	0.001
0.001	0.001
0.001	0.001
0.001	0.001
7.783225812032404	-0.2453649131250879
0.001	0.001
0.001	0.001
3.47011341750926	-0.10939475453803224
0.001	0.001
0.001	0.001
0.001	0.001
0.001	0.001
0.001	0.001
0.03196315064979	-0.0010076330652344138
0.001	0.001
-2.6458070053276947	0.09630538724906856
-0.4779306126392238	0.015557119562532947
0.001	0.001
0.001	0.001
0.001	0.001
0.001	0.001
0.001	0.001
0.001	0.001
0.001	0.001
0.001	0.001
0.001	0.001
0.001	0.001
0.001	0.001
0.001	0.001
0.001	0.001
0.001	0.001
0.001	0.001
0.2239575725904606	-0.007060225627452879
-2.187324722364586	0.0725816432970562
0.001	0.001
0.001	0.001
0.001	0.001
0.001	0.001
0.001	0.001
0.001	0.001
0.001	0.001
0.001	0.001
0.001	0.001
0.001	0.001
0.001	0.001
0.001	0.001
0.001	0.001
2.2955083604464543	-0.0723655233756839
2.0225074624973445	-0.06375921498555602
0.001	0.001
0.4306467683303016	-0.015083370283784012
0.001	0.001
0.001	0.001
3.883559668234864	-0.12641375230878468
0.001	0.001
4.052920765447892	-0.12776766029062586
0.001	0.001
0.001	0.001
5.279827612440787	-0.18121282354786128
4.475616417673649	-0.14109307117956454
0.001	0.001
1.0995084506535446	-0.03579010001551159
0.001	0.001
0.001	0.001
0.001	0.001
0.001	0.001
-0.02344493926200076	0.0007888335484118516
-0.3098712314166817	0.011013313048005766
0.001	0.001
-0.7711459771769017	0.02431025005136826
0.7913697025758187	-0.026626597902955764
0.001	0.001
-0.08868242123043005	0.0031649028659337624
0.001	0.001
0.001	0.001
0.001	0.001
0.001	0.001
0.001	0.001
0.001	0.001
0.001	0.001
0.001	0.001
0.001	0.001
0.001	0.001
0.001	0.001
-2.1396042176123817	0.07343492060893506
0.001	0.001
-0.4939848176083027	0.017301780639019524
-0.792521026174778	0.025797352238931377
0.001	0.001
0.001	0.001
0.001	0.001
0.001	0.001
0.001	0.001
0.001	0.001
3.87392413603102	-0.12610010609617642
0.001	0.001
0.001	0.001
0.001	0.001
0.001	0.001
0.001	0.001
0.001	0.001
0.001	0.001
0.001	0.001
0.001	0.001
0.001	0.001
0.001	0.001
0.001	0.001
0.001	0.001
0.001	0.001
0.001	0.001
0.001	0.001
0.001	0.001
1.738654885777898	-0.05967364545855816
-1.066435632420245	0.03361920784795575
1.2312130352184856	-0.038813788359813015
0.001	0.001
2.4035522330631682	-0.07823802969654756
3.1945268187027605	-0.12867560363832575
0.001	0.001
0.001	0.001
0.001	0.001
0.001	0.001
5.381235613293082	-0.1696425673170215
0.001	0.001
0.001	0.001
0.001	0.001
0.001	0.001
2.1247793344683537	-0.06916369296326279
0.001	0.001
0.001	0.001
0.001	0.001
0.001	0.001
0.001	0.001
0.001	0.001
1.576830341891417	-0.049709317087147535
0.001	0.001
0.001	0.001
0.001	0.001
0.001	0.001
0.001	0.001
0.001	0.001
0.001	0.001
0.8527600891075696	-0.026883121501749627
0.001	0.001
0.001	0.001
-1.7922451146835912	0.05650023235653383
0.001	0.001
0.001	0.001
0.001	0.001
0.001	0.001
0.001	0.001
11.189305512386138	-0.3642230881939825
0.001	0.001
0.001	0.001
0.001	0.001
0.001	0.001
1.516486990944259	-0.05487845344738034
0.001	0.001
0.8971800877286966	-0.03214124767625677
0.001	0.001
0.001	0.001
0.001	0.001
0.001	0.001
0.001	0.001
0.001	0.001
0.001	0.001
0.001	0.001
-0.5472039544019428	0.017250514629290607
0.001	0.001
0.001	0.001
0.001	0.001
0.001	0.001
0.001	0.001
4.250133314362488	-0.13398475344714206
0.001	0.001
0.001	0.001
0.001	0.001
0.001	0.001
0.001	0.001
0.001	0.001
0.001	0.001
0.001	0.001
0.001	0.001
-0.6121003439808832	0.02143876796032048
0.3563712893409158	-0.01736432160911507
0.001	0.001
0.001	0.001
-0.6773080395470358	0.02135202450704512
0.001	0.001
0.001	0.001
2.0504478980910057	-0.07420136815786386
0.001	0.001
-1.8295520991203167	0.06279339517227985
0.001	0.001
0.001	0.001
-1.1508019409146146	0.049820486842168776
0.001	0.001
0.001	0.001
1.3297562132160317	-0.05912707821439105
0.500229143062168	-0.015769641430721352
0.001	0.001
0.001	0.001
0.001	0.001
0.001	0.001
1.6302902333286304	-0.069883444516838
0.33745812104565165	-0.010638311742891648
1.9757048115692895	-0.06956929037313477
0.001	0.001
0.001	0.001
0.001	0.001
0.001	0.001
0.001	0.001
0.37109395495214653	-0.011698675872581716
-0.5474592119386897	0.01725856158113821
0.001	0.001
0.5466866211796914	-0.01779519642394135
-1.5448778303724542	0.054663513569640505
0.001	0.001
0.001	0.001
0.001	0.001
0.001	0.001
0.001	0.001
0.001	0.001
0.001	0.001
0.001	0.001
0.001	0.001
0.001	0.001
0.6756517285265103	-0.02199313968459596
0.001	0.001
0.001	0.001
0.001	0.001
1.1806594326570108	-0.037220094356809716
0.001	0.001
0.001	0.001
0.001	0.001
0.001	0.001
0.001	0.001
2.4922079518187226	-0.08269853430150313
0.001	0.001
0.001	0.001
0.001	0.001
0.001	0.001
0.001	0.001
1.6173484792769683	-0.05722779420200448
1.30230379245054	-0.044697320569895206
0.644361274509536	-0.02138173619247932
2.5411899066619887	-0.10162005112831779
0.001	0.001
0.001	0.001
9.883369450266677	-0.3115715957770203
0.001	0.001
0.001	0.001
0.001	0.001
0.001	0.001
0.001	0.001
0.001	0.001
0.001	0.001
1.872109933571612	-0.07370774481698508
0.001	0.001
1.7418472075716753	-0.060647117863504296
0.001	0.001
-1.9651680065277557	0.06882985985760191
-0.45634929303662647	0.015783168959511127
0.001	0.001
1.8218993605619656	-0.05743507757874091
0.001	0.001
0.001	0.001
0.001	0.001
1.3822544382403168	-0.045867125971892596
0.001	0.001
0.001	0.001
-2.2065469829236926	0.0827146141255408
0.001	0.001
0.001	0.001
0.001	0.001
-1.9879207119730335	0.06266887336594668
1.8104698017703622	-0.06509172528827746
0.001	0.001
0.001	0.001
0.001	0.001
2.6543385998444227	-0.08930845642221284
0.001	0.001
-0.44613992020221793	0.016239157918860245
2.365366929602282	-0.07456780327426578
2.405417876849978	-0.07583040279653792
3.3521802770121876	-0.13560039202180652
0.001	0.001
0.001	0.001
0.001	0.001
0.001	0.001
0.001	0.001
0.001	0.001
0.001	0.001
0.001	0.001
0.001	0.001
0.001	0.001
0.001	0.001
0.001	0.001
0.001	0.001
0.001	0.001
0.001	0.001
-1.6914362369973077	0.05889192368760439
0.001	0.001
0.001	0.001
0.001	0.001
0.001	0.001
1.44905180198143	-0.04568111964030029
0.001	0.001
0.001	0.001
0.001	0.001
0.001	0.001
0.001	0.001
0.001	0.001
0.001	0.001
0.001	0.001
0.001	0.001
0.001	0.001
0.001	0.001
0.001	0.001
0.001	0.001
-1.630969684863487	0.05141605096662142
6.2627355716824455	-0.19743170846921632
3.1753100544615465	-0.11181025926039377
2.2208792809097955	-0.09030997282001318
2.1910815744606107	-0.06907348612915591
0.5074001700968855	-0.015995706878118625
0.001	0.001
1.3504470801344535	-0.04257262200782711
0.001	0.001
0.001	0.001
0.001	0.001
0.001	0.001
6.375757017946412	-0.20099469096690492
0.936803682097916	-0.031085805412510818
0.001	0.001
0.001	0.001
0.001	0.001
0.001	0.001
-0.04905961105614454	0.0016279371570033737
0.001	0.001
0.5832349187697138	-0.020306899885926235
0.001	0.001
0.001	0.001
0.001	0.001
9.40004255850607	-0.34926650926099745
0.001	0.001
0.001	0.001
0.001	0.001
3.653530871199525	-0.1151769595873529
4.932437492902622	-0.15549428041391375
0.001	0.001
0.001	0.001
0.001	0.001
-1.7528023551395284	0.055256805851551634
2.9275258685099055	-0.10047775563582086
0.001	0.001
