0.001	0.001
2.323649507854677	-0.07325266841757441
0.001	0.001
0.001	0.001
0.001	0.001
0.001	0.001
0.001	0.001
0.001	0.001
0.001	0.001
0.001	0.001
0.001	0.001
0.001	0.001
0.001	0.001
0.001	0.001
1.3647148839571193	-0.0430224121758089
0.001	0.001
2.7939559515374355	-0.08807900167363807
0.001	0.001
1.0002715721610336	-0.03153339673447024
6.5093053905871505	-0.2159972303794279
0.001	0.001
0.001	0.001
0.001	0.001
0.001	0.001
0.001	0.001
0.001	0.001
0.001	0.001
0.001	0.001
0.001	0.001
0.001	0.001
0.001	0.001
0.001	0.001
0.001	0.001
0.001	0.001
0.001	0.001
0.001	0.001
0.001	0.001
0.001	0.001
0.001	0.001
0.001	0.001
0.001	0.001
0.001	0.001
0.001	0.001
0.001	0.001
0.001	0.001
0.001	0.001
0.001	0.001
0.001	0.001
0.001	0.001
0.001	0.001
0.001	0.001
0.001	0.001
0.001	0.001
0.001	0.001
0.001	0.001
0.001	0.001
0.001	0.001
0.001	0.001
0.001	0.001
3.4742257624631523	-0.10952439553608631
0.001	0.001
-0.19369133735126273	0.006106087541338421
0.001	0.001
0.001	0.001
0.001	0.001
0.001	0.001
0.001	0.001
0.001	0.001
0.001	0.001
0.001	0.001
0.001	0.001
0.001	0.001
0.001	0.001
2.9188373007116666	-0.10456660139033282
0.001	0.001
3.8252262694124672	-0.12058962876641854
8.700918321233225	-0.2742950184867369
0.001	0.001
4.186560492092334	-0.13627673224695194
0.001	0.001
0.001	0.001
0.001	0.001
0.001	0.001
0.001	0.001
0.001	0.001
0.001	0.001
0.001	0.001
0.001	0.001
0.001	0.001
0.001	0.001
0.001	0.001
0.001	0.001
0.001	0.001
0.001	0.001
0.001	0.001
0.001	0.001
0.001	0.001
0.001	0.001
0.001	0.001
0.001	0.001
0.001	0.001
0.001	0.001
0.001	0.001
0.001	0.001
0.001	0.001
0.001	0.001
0.001	0.001
0.001	0.001
1.6527608812067403	-0.053799020102987156
1.62069341421819	-0.05109209322531637
0.001	0.001
0.001	0.001
2.1813876825315996	-0.06876788778106113
0.001	0.001
4.316621032656707	-0.1360807678269287
0.001	0.001
0.001	0.001
2.3615469035382235	-0.07444737758111754
1.2915020526569858	-0.040714389715015335
0.001	0.001
0.001	0.001
7.505852839075426	-0.23662077578968857
3.0393763056465444	-0.10338333261049742
0.001	0.001
4.826840761208181	-0.15711849554217155
0.001	0.001
5.251110597381666	-0.17668001436665537
0.001	0.001
0.001	0.001
0.001	0.001
0.001	0.001
0.001	0.001
0.001	0.001
4.323442298512721	-0.13629580711071468
0.001	0.001
0.001	0.001
0.001	0.001
0.001	0.001
0.001	0.001
0.001	0.001
0.001	0.001
0.001	0.001
0.001	0.001
4.096528291229862	-0.12914238036601566
0.001	0.001
1.437968030202294	-0.046807297924320306
0.001	0.001
0.001	0.001
0.001	0.001
0.001	0.001
0.001	0.001
0.001	0.001
0.001	0.001
4.460262242510048	-0.14060903333380395
0.001	0.001
0.001	0.001
0.001	0.001
0.001	0.001
0.001	0.001
0.001	0.001
0.001	0.001
0.001	0.001
1.1684664394948514	-0.03683571225352512
0.001	0.001
0.001	0.001
0.001	0.001
0.001	0.001
0.001	0.001
3.2238064844472656	-0.10846889727888563
1.3086906210852276	-0.04259918892861789
0.001	0.001
0.001	0.001
0.001	0.001
0.001	0.001
0.001	0.001
0.001	0.001
0.001	0.001
0.001	0.001
1.9715360048732498	-0.062152348170454674
2.6328507593206876	-0.09270897044524685
0.804924877839434	-0.02537512433700317
0.001	0.001
0.001	0.001
0.001	0.001
1.2484035284657073	-0.04063678375272813
0.001	0.001
0.001	0.001
0.001	0.001
0.001	0.001
0.001	0.001
0.001	0.001
5.583124052658765	-0.17600706715066886
0.001	0.001
2.3189944809185294	-0.07310591945931895
0.001	0.001
0.001	0.001
0.001	0.001
0.001	0.001
0.001	0.001
0.001	0.001
0.001	0.001
0.001	0.001
0.001	0.001
0.001	0.001
0.001	0.001
0.001	0.001
0.001	0.001
-0.11927137564362128	0.0038824025961196893
0.001	0.001
0.001	0.001
-0.7717978610409685	0.025610443879109282
0.001	0.001
3.9210835436083715	-0.12361151356373809
0.001	0.001
0.001	0.001
0.001	0.001
9.39619102812594	-0.2962133761760699
0.001	0.001
0.001	0.001
0.001	0.001
0.001	0.001
0.001	0.001
0.001	0.001
0.001	0.001
0.001	0.001
3.39409391378374	-0.10699825219081922
0.001	0.001
0.001	0.001
0.001	0.001
0.001	0.001
0.001	0.001
0.001	0.001
0.001	0.001
0.001	0.001
1.5430929467201924	-0.04864575125529707
0.001	0.001
0.001	0.001
0.001	0.001
0.001	0.001
6.916753223455902	-0.2392208916346144
3.915489888623387	-0.12745311292537959
0.6939284841186031	-0.023348069378816595
0.001	0.001
0.001	0.001
0.001	0.001
3.672050300136462	-0.11576078153752849
0.001	0.001
4.217378224950507	-0.1447477213672229
0.001	0.001
7.0301919219717535	-0.22883978005449046
0.001	0.001
0.001	0.001
0.001	0.001
0.001	0.001
0.001	0.001
0.001	0.001
0.001	0.001
0.001	0.001
0.001	0.001
0.001	0.001
0.001	0.001
0.4683760025255269	-0.014765476416203637
0.001	0.001
0.001	0.001
0.001	0.001
0.001	0.001
0.35008290600117364	-0.011036306011417913
3.936893629582853	-0.13512100450842088
0.001	0.001
0.001	0.001
1.0493981368384158	-0.03415895917054027
2.93304256325868	-0.09732667807612379
0.001	0.001
4.545340906040801	-0.14329112420334417
0.001	0.001
0.001	0.001
7.175777792019547	-0.25390566101412515
1.957022741641546	-0.0616948199349892
4.562722984269038	-0.14383909135955997
0.001	0.001
5.255441665346076	-0.16567693380527587
0.001	0.001
0.001	0.001
0.001	0.001
0.001	0.001
0.001	0.001
0.001	0.001
0.2072873465453043	-0.006747410500025461
0.001	0.001
0.001	0.001
0.001	0.001
0.001	0.001
0.001	0.001
5.334809471536955	-0.19520901375595665
0.001	0.001
0.001	0.001
0.001	0.001
0.001	0.001
2.3501222052490998	-0.07649882883987344
0.001	0.001
0.001	0.001
0.001	0.001
8.413170180212274	-0.302478263729342
0.001	0.001
6.310659696256247	-0.2123298348264798
0.001	0.001
0.001	0.001
0.001	0.001
3.55509254314466	-0.11207370749179874
0.001	0.001
0.001	0.001
0.001	0.001
0.001	0.001
0.001	0.001
3.4954780585934633	-0.12723277524611903
0.001	0.001
0.001	0.001
0.001	0.001
0.001	0.001
4.284588011005593	-0.13946762605417334
0.001	0.001
0.001	0.001
2.8305345303647034	-0.10015482109198492
0.001	0.001
0.001	0.001
0.001	0.001
0.001	0.001
1.100445877620875	-0.03469137523209033
0.7206076007521901	-0.02391180573243895
0.001	0.001
0.001	0.001
0.001	0.001
4.465520825243673	-0.14535717016256086
0.001	0.001
0.001	0.001
0.001	0.001
0.001	0.001
0.001	0.001
0.10949808549089546	-0.0034519091290274844
0.001	0.001
0.001	0.001
0.001	0.001
0.001	0.001
1.3880023759295885	-0.04605785886069999
0.001	0.001
0.001	0.001
0.001	0.001
4.241961174846072	-0.1337271280934755
0.001	0.001
0.001	0.001
-0.3065826479000723	0.009979571894005787
0.001	0.001
0.001	0.001
0.001	0.001
0.001	0.001
3.7588071461782047	-0.12646964642477573
3.061766458805191	-0.0996635612210547
2.9905682598485015	-0.09734598861843434
0.001	0.001
0.001	0.001
0.001	0.001
0.001	0.001
0.001	0.001
0.001	0.001
0.001	0.001
0.001	0.001
0.001	0.001
2.4454533205357345	-0.08114708291636144
0.001	0.001
0.001	0.001
2.7109360922399492	-0.09121274801617477
-1.0861665612625941	0.034241222133317484
-1.4875599305394798	0.048421563891964454
0.001	0.001
0.001	0.001
0.001	0.001
0.001	0.001
0.001	0.001
0.001	0.001
0.001	0.001
0.001	0.001
0.001	0.001
1.615784228020451	-0.05259539305038056
0.30733670076895103	-0.009688738924643042
0.001	0.001
0.001	0.001
0.001	0.001
0.001	0.001
0.001	0.001
0.001	0.001
0.001	0.001
0.001	0.001
0.001	0.001
-0.8857041436181008	0.027921677399802634
0.001	0.001
2.0295623914643652	-0.06606428621358441
0.001	0.001
0.001	0.001
1.0460201300746803	-0.03404900167102737
0.001	0.001
0.001	0.001
0.001	0.001
0.001	0.001
0.001	0.001
7.156206085593678	-0.23746323175247658
0.001	0.001
0.001	0.001
0.001	0.001
0.001	0.001
0.001	0.001
3.699388722211256	-0.11662262079535766
0.001	0.001
4.207318214198516	-0.13695241686750473
0.001	0.001
9.091986524942486	-0.3059109649393507
0.001	0.001
0.001	0.001
0.001	0.001
-1.7112747836343554	0.05394765599251627
2.9588390689617547	-0.09327691482168889
0.001	0.001
0.001	0.001
0.001	0.001
7.887219301483852	-0.2617203253329014
0.001	0.001
0.001	0.001
0.001	0.001
7.2582358682414	-0.24084886956568954
0.001	0.001
2.368294240269315	-0.07709034675906024
0.001	0.001
0.001	0.001
0.001	0.001
0.001	0.001
0.001	0.001
0.001	0.001
5.62561244037006	-0.17734650658251602
-2.089759029798724	0.06587930957961484
0.001	0.001
0.001	0.001
2.2347573211414495	-0.07045035685715796
7.0312433343886305	-0.2612517762426881
0.001	0.001
0.040550271576365086	-0.001319951906246483
7.145981414583215	-0.2252758883433772
-2.254002479984566	0.0710570573232192
0.001	0.001
0.001	0.001
2.776254696019029	-0.08752097250586494
0.001	0.001
4.129645259322542	-0.13442408448237478
0.001	0.001
0.001	0.001
-2.542772675419135	0.0801604902220028
0.001	0.001
0.001	0.001
0.001	0.001
0.001	0.001
0.001	0.001
0.001	0.001
0.001	0.001
1.1401190206155833	-0.03711201469453417
0.001	0.001
-2.613892666805963	0.08240253624887112
0.001	0.001
-1.3553666382442529	0.044118539981767395
0.001	0.001
0.001	0.001
0.001	0.001
0.001	0.001
0.001	0.001
0.001	0.001
0.30686661197550763	-0.010182705266598261
0.001	0.001
0.001	0.001
-1.6284483045722378	0.055391105207283464
0.001	0.001
1.0892289037634977	-0.03545549048059602
0.001	0.001
0.001	0.001
0.59640882490306	-0.018801690076002363
0.001	0.001
0.001	0.001
0.001	0.001
1.452789806858887	-0.04728976158217735
0.35443219579937274	-0.011173416656703468
0.001	0.001
0.001	0.001
-0.2735057002062598	0.00920243254177491
0.001	0.001
4.356862277600447	-0.1465919400333736
0.001	0.001
0.001	0.001
0.001	0.001
0.001	0.001
0.06450926054766225	-0.002140600382994642
5.937850409304306	-0.19978621211026149
2.426148669069977	-0.08997020568587555
2.8311005856872686	-0.09215515629324475
0.11845021701287656	-0.0037341236023348805
0.001	0.001
0.001	0.001
0.001	0.001
0.001	0.001
0.001	0.001
0.001	0.001
0.001	0.001
0.001	0.001
0.001	0.001
0.001	0.001
0.001	0.001
7.516871810177677	-0.25291431113195617
1.1919658796626194	-0.04091033239748524
0.001	0.001
0.001	0.001
0.001	0.001
0.9721899596274431	-0.03306870484251197
-0.15330422856752135	0.0049902060052117985
0.001	0.001
0.27231834144602984	-0.009262814090295769
-2.4073387333001417	0.07589095748008463
0.001	0.001
0.001	0.001
-1.321503249638528	0.0416601725136648
0.001	0.001
0.001	0.001
0.001	0.001
2.909743665436543	-0.0917291903033816
0.001	0.001
0.001	0.001
0.001	0.001
0.001	0.001
0.001	0.001
0.001	0.001
0.001	0.001
6.5953867858529875	-0.23100292019257898
0.001	0.001
3.703319008855374	-0.11674652243515074
6.186274120531248	-0.19502127380212386
3.716876148940097	-0.11717390904572168
2.5982092495908504	-0.08986093811076798
0.001	0.001
6.703319008855375	-0.22554133584224723
0.001	0.001
0.001	0.001
0.001	0.001
3.7577451686162715	-0.11846229816670152
0.001	0.001
0.16158709463981338	-0.005094006572074527
-0.1281828337213215	0.004253470286711306
-2.054470453620013	0.06476684302172418
0.001	0.001
0.001	0.001
0.001	0.001
0.001	0.001
0.001	0.001
0.001	0.001
6.011816176258502	-0.19569063074983162
0.7212813280600985	-0.022738275192352504
0.001	0.001
1.066903475778382	-0.03472877546535312
0.001	0.001
0.001	0.001
0.001	0.001
0.001	0.001
4.576486203280933	-0.16114902170623696
0.001	0.001
0.001	0.001
0.001	0.001
-1.6232774459810713	0.05386495354424843
0.001	0.001
0.7704265114554842	-0.024287569012876587
2.44358369413174	-0.08108504340509637
-2.749388478199979	0.08667401940950481
0.001	0.001
0.001	0.001
0.001	0.001
0.001	0.001
0.001	0.001
0.001	0.001
0.6379133523195456	-0.020110113473933378
0.001	0.001
0.001	0.001
0.001	0.001
0.001	0.001
0.001	0.001
3.3425617140496424	-0.10537370807296075
0.001	0.001
3.25053271881934	-0.1058080918260216
0.001	0.001
0.001	0.001
0.001	0.001
2.2958210695515624	-0.07237538147877139
0.001	0.001
0.001	0.001
0.001	0.001
0.001	0.001
0.001	0.001
-0.21546678350148468	0.007149799507392062
-0.4865072263792852	0.016143690786033955
0.001	0.001
0.001	0.001
6.571057052287814	-0.218046325804872
0.21891073586186824	-0.007264079622821466
1.2542438089741488	-0.03953982971313284
0.001	0.001
0.001	0.001
0.001	0.001
0.001	0.001
-3.728187534583215	0.11753049861702224
0.7359019632456681	-0.02319918831099735
0.001	0.001
0.001	0.001
3.1848986910316612	-0.11450649464846605
0.001	0.001
0.001	0.001
-1.479029507863043	0.04907839749074197
0.001	0.001
0.001	0.001
0.001	0.001
0.7152819453321427	-0.022549145638951478
0.001	0.001
0.001	0.001
0.001	0.001
0.001	0.001
1.3943186204716493	-0.043955665098631254
0.001	0.001
0.001	0.001
0.001	0.001
3.1215196677831325	-0.09840539393316947
0.001	0.001
0.001	0.001
2.257812858027121	-0.07349406724165429
0.001	0.001
0.001	0.001
0.001	0.001
0.001	0.001
0.001	0.001
0.001	0.001
0.001	0.001
0.001	0.001
5.101655741834686	-0.18341955979500332
0.001	0.001
0.001	0.001
0.001	0.001
-0.14775164510767846	0.004657846301965087
4.098617416008946	-0.14997481499776774
0.001	0.001
2.021894305068602	-0.06373988529849968
0.001	0.001
7.736846275882387	-0.2603156200627535
0.001	0.001
0.08854519571949224	-0.0027913727264304976
0.001	0.001
0.001	0.001
0.001	0.001
0.001	0.001
0.001	0.001
-1.2134147502071642	0.04026454584928476
0.001	0.001
0.001	0.001
0.001	0.001
0.001	0.001
5.625814963493643	-0.1831259051192542
0.001	0.001
2.8882224838913055	-0.10346983339085843
0.001	0.001
3.681055654950591	-0.12961877110352232
0.001	0.001
5.088819175445877	-0.18357256712548634
0.9995028824865441	-0.033166342861334804
0.001	0.001
0.001	0.001
0.001	0.001
0.001	0.001
0.001	0.001
-1.533700464254834	0.04834965479095207
-2.205980974968785	0.0742229178232113
0.001	0.001
0.001	0.001
2.197185231349702	-0.0739269743118025
0.001	0.001
0.001	0.001
0.001	0.001
0.42914020258599544	-0.013528574278702556
-1.2060479830446391	0.03802046423051966
0.001	0.001
0.001	0.001
0.001	0.001
0.001	0.001
0.001	0.001
4.813017956367791	-0.1517295991731345
3.29677998211202	-0.10393044650624314
0.001	0.001
2.3785571938255536	-0.07498362418366772
0.001	0.001
3.952840926020684	-0.12461265981914173
0.001	0.001
0.33035711666965706	-0.010962186893238236
3.207002452490832	-0.11868739232684146
0.001	0.001
1.8217994661243118	-0.06592706550678233
4.024827038846411	-0.12688201018186557
0.001	0.001
0.001	0.001
0.001	0.001
0.51298246732927	-0.016698092498521073
0.001	0.001
-1.8554683714289177	0.05849333512310401
0.001	0.001
0.001	0.001
0.7873558094172088	-0.02562921926619677
0.001	0.001
0.001	0.001
0.001	0.001
0.001	0.001
0.001	0.001
-0.1822667570885972	0.005745929528280909
0.001	0.001
0.001	0.001
0.9433962429505168	-0.029740411338989962
0.001	0.001
2.9413167892215717	-0.0927245278358768
0.001	0.001
1.7231713389853096	-0.054322692942576495
0.001	0.001
0.001	0.001
7.0725801702947795	-0.22296192619412764
0.001	0.001
0.001	0.001
0.001	0.001
0.001	0.001
0.001	0.001
1.4935543966419074	-0.04708405661481648
0.001	0.001
0.001	0.001
-0.5382406115924654	0.018109761206761017
0.001	0.001
0.001	0.001
0.001	0.001
0.001	0.001
0.001	0.001
0.001	0.001
-0.20305191632696573	0.006401178253421223
0.001	0.001
0.001	0.001
0.001	0.001
0.001	0.001
3.646315415592681	-0.11494949353652932
0.001	0.001
-2.0523488763077	0.06680600909080299
0.001	0.001
0.001	0.001
0.001	0.001
-0.46799498452258026	0.014753464886350863
0.001	0.001
0.001	0.001
2.7617926330126172	-0.08989911309810451
0.001	0.001
0.001	0.001
0.001	0.001
0.001	0.001
0.001	0.001
0.001	0.001
0.03223775481753825	-0.0010162899164411685
-0.6567900155324458	0.021794157100236047
0.001	0.001
0.7996812676355107	-0.02520982038807258
0.001	0.001
0.001	0.001
0.001	0.001
1.4746708727776847	-0.04648875663196392
0.001	0.001
0.6182611019455423	-0.020802148107211753
0.001	0.001
-0.22638561705224072	0.007369078310909735
0.001	0.001
0.001	0.001
0.001	0.001
0.001	0.001
0.001	0.001
-0.20394691622594405	0.0064293929779792956
0.001	0.001
0.001	0.001
0.001	0.001
3.0002929391960222	-0.09458374126028526
0.5172536313070624	-0.018009583048870355
0.001	0.001
0.001	0.001
0.2420649633179408	-0.0076310581408693245
0.001	0.001
-0.8409709592622463	0.026511471123079347
-0.11134145072983437	0.0035100209148902083
-1.626691954418239	0.05128119621816376
1.4586773966366282	-0.05525482809398387
-1.4189646249244396	0.044732626333918904
0.001	0.001
1.1282247496915314	-0.03872262647485715
-0.4710713590106697	0.01563148489000295
0.001	0.001
-2.0402978627584893	0.06432005442667671
-0.4780227494356953	0.01735040710443897
0.001	0.001
0.001	0.001
2.222182336497113	-0.0723342581211279
0.001	0.001
0.001	0.001
-1.722627855649817	0.05430555971984615
0.5646916228257014	-0.017801810499047138
0.001	0.001
0.001	0.001
-0.5905562037892726	0.020561810209612147
0.001	0.001
0.001	0.001
0.001	0.001
0.001	0.001
0.001	0.001
0.001	0.001
0.9616452838250577	-0.03130251601712225
0.001	0.001
0.001	0.001
0.001	0.001
0.001	0.001
-1.399855060341187	0.04413020045459013
0.001	0.001
0.001	0.001
0.001	0.001
0.001	0.001
0.001	0.001
0.001	0.001
1.0316424052371576	-0.03252235708565075
0.001	0.001
4.8689920675925995	-0.170536076583252
0.001	0.001
0.001	0.001
1.0255745295506886	-0.03338347692022085
0.001	0.001
0.001	0.001
0.001	0.001
0.001	0.001
0.001	0.001
0.001	0.001
0.001	0.001
0.001	0.001
0.001	0.001
-0.6848976627819063	0.021591286130779236
-0.4852733478566689	0.016655421353232044
-0.4852733478566689	0.016655421353232044
0.11162261776166076	-0.0036334278752550306
0.001	0.001
2.441772665410387	-0.07697648152433427
0.8486050815093231	-0.02762294434648248
0.001	0.001
-1.0715179519097906	0.03377942713365327
-1.0715179519097906	0.03377942713365327
0.001	0.001
0.001	0.001
0.001	0.001
0.001	0.001
0.001	0.001
0.001	0.001
0.1252498389106819	-0.0039484805638994825
-1.481839507973328	0.04917164127095623
0.001	0.001
0.001	0.001
0.001	0.001
0.09581844622141432	-0.0030206607518122397
0.001	0.001
0.001	0.001
-0.1612719678809945	0.005249563890780777
-0.7318659115212055	0.024624520349372788
-0.7318659115212055	0.024624520349372788
2.939826317867196	-0.09267754097166216
1.4449572833669935	-0.04555204061466453
1.4449572833669935	-0.04555204061466453
0.876196123902628	-0.02852106037842534
0.001	0.001
-0.49513289444802405	0.01642991493764836
-0.49513289444802405	0.01642991493764836
0.001	0.001
0.001	0.001
-0.028744340951744995	0.0009061606191046811
0.001	0.001
-0.5485562416957799	0.01785605444210582
0.001	0.001
0.001	0.001
0.001	0.001
4.603450410089004	-0.14512301675751973
-2.3914789449215026	0.07539098026091015
-2.3914789449215026	0.07539098026091015
0.001	0.001
-1.32279058107875	0.04305815673198758
0.001	0.001
1.754568142941132	-0.05531247202146643
1.461450976241994	-0.04971074890926415
0.001	0.001
0.001	0.001
0.001	0.001
0.001	0.001
0.001	0.001
0.9413366545468586	-0.03384382708931926
0.9413366545468586	-0.03384382708931926
0.001	0.001
0.001	0.001
0.8450667911683113	-0.02664059155001762
0.001	0.001
0.11968170710604534	-0.004070931825766267
0.001	0.001
0.001	0.001
0.001	0.001
0.001	0.001
0.6088692571787084	-0.019194503153337088
0.001	0.001
0.001	0.001
0.001	0.001
0.001	0.001
0.001	0.001
0.650907955539032	-0.020519766202383726
0.001	0.001
0.5070843513522413	-0.017404012750142785
0.001	0.001
0.07399263494737665	-0.002455285665383077
0.001	0.001
-0.4677113799751617	0.015224473316011452
0.001	0.001
3.5966345153284562	-0.11707405154215358
0.001	0.001
0.001	0.001
0.001	0.001
0.6917096506111587	-0.0218060329262981
0.001	0.001
0.001	0.001
3.357021925313449	-0.10582956385386708
0.001	0.001
3.9674038233282602	-0.12507175276068264
0.001	0.001
0.001	0.001
0.001	0.001
0.6963320984290478	-0.02195175483321081
0.001	0.001
0.001	0.001
0.001	0.001
0.001	0.001
0.001	0.001
0.001	0.001
0.001	0.001
0.001	0.001
0.001	0.001
0.001	0.001
0.001	0.001
-1.368016020716629	0.04453029003566803
0.001	0.001
-0.6076331022242878	0.019155533571787536
0.001	0.001
-0.3303636537286375	0.010414659827998357
-1.5526655984389928	0.048947527525713005
5.14412231063095	-0.16744632738390747
0.9029231045975596	-0.030712616753276755
0.045522097098719086	-0.0014817898008065062
0.045522097098719086	-0.0014817898008065062
0.001	0.001
0.001	0.001
0.001	0.001
0.001	0.001
2.1698690856114804	-0.07300788930455146
0.24043758249124958	-0.007579755228066097
1.469003828976201	-0.04631010400853913
1.8597513455715038	-0.06580490762191582
1.8597513455715038	-0.06580490762191582
0.001	0.001
0.001	0.001
1.7828986569537575	-0.05803513489320407
0.001	0.001
-0.20674838247529606	0.006517708740555845
1.780241536830563	-0.05612182153970448
0.001	0.001
-2.551672464068759	0.08044105459487129
0.001	0.001
-0.19378373132093743	0.006109000246030538
0.001	0.001
0.001	0.001
0.001	0.001
0.001	0.001
0.001	0.001
0.001	0.001
0.001	0.001
0.001	0.001
0.001	0.001
0.001	0.001
0.001	0.001
1.3601849851590049	-0.04513479887160854
0.001	0.001
0.001	0.001
0.001	0.001
0.001	0.001
0.001	0.001
1.2968488733355044	-0.04720432469133379
1.4890465694828083	-0.04846995547680135
0.001	0.001
0.001	0.001
0.8323335970137508	-0.027093291248180936
0.001	0.001
-1.9253539193629088	0.06608147948516128
-1.9253539193629088	0.06608147948516128
0.001	0.001
-0.48397591681009655	0.01685092948582959
0.001	0.001
0.001	0.001
0.001	0.001
0.001	0.001
0.001	0.001
-0.31342875987520397	0.011839521058050941
0.001	0.001
-0.42309431287644234	0.01568983914271404
-1.1728760199794632	0.04025513536677802
1.158069920022211	-0.041159634285420785
1.272611638625694	-0.040118872520779586
-1.9325125563402314	0.06573374544472045
0.5633779200694469	-0.02121863061583188
0.001	0.001
0.001	0.001
0.7062297297958542	-0.025775660017854668
-0.7966193631971454	0.025113294354438122
1.413587285149024	-0.05676865164417543
1.608236643190772	-0.06416824804377992
-0.8998626920694577	0.03198254153079352
-0.41536450035382555	0.014365680387591142
0.001	0.001
0.37095376167797417	-0.01291575771319118
0.001	0.001
-0.8752401035167382	0.03296436689317688
0.001	0.001
0.001	0.001
0.001	0.001
2.1315337028315957	-0.07372062822935792
0.974656369420361	-0.03072588168262242
0.6926107327431542	-0.022545172237612165
0.06457065073418343	-0.002142637483647536
-0.2604336786884079	0.008762608449948141
1.138726579247211	-0.0393836788468573
-0.03901338455401108	0.001349306001990274
0.001	0.001
0.001	0.001
0.6459655369169706	-0.026892168092142864
2.3316983174515906	-0.08663621754022
0.001	0.001
0.6791597910000106	-0.024031195037819118
2.6445577130307263	-0.09474060515972932
2.7952068414241795	-0.10478111596025251
-1.0716488488876295	0.039402534148086685
-0.07061745511115598	0.0025298523072894664
0.001	0.001
-2.015005638790319	0.07015786685544498
0.2121626228119583	-0.007216638150707146
0.779198417739245	-0.02536368800643566
2.2377752990870228	-0.08465000313858183
0.001	0.001
0.3492725957379609	-0.012464858580833274
-1.4177029109469736	0.051742693201906324
0.001	0.001
-2.4244991018839808	0.0764319352762394
-1.6985659048066117	0.05354701067850445
-0.18669717132535021	0.00628165381403779
0.001	0.001
-0.5864725370531465	0.023057135688135867
0.001	0.001
0.2468395768491795	-0.008034875164413284
0.001	0.001
0.001	0.001
0.05166727024719852	-0.0017733101558929452
1.086418554038904	-0.03782659799865603
0.513368012999844	-0.01807691521300566
0.001	0.001
0.001	0.001
-0.6029622872889617	0.01900828689945562
-0.8671313092847279	0.029761447622263935
1.5056014618936322	-0.06387441783640874
-0.8994131376516247	0.03182457621446955
0.09825070760614722	-0.0033419637985571253
0.001	0.001
0.4184366382093825	-0.015850416662241285
0.001	0.001
-0.5061586930033574	0.016795782231894124
0.001	0.001
1.2425335156724973	-0.041806554123908796
-2.477766028540297	0.0822193102918257
0.001	0.001
0.001	0.001
-0.862064637089491	0.027176445845972425
-0.11049934948900898	0.0036666820829866606
-1.7788060877846181	0.05607656924471013
0.001	0.001
0.5457314494436046	-0.018562866285764285
0.3393470777686505	-0.011885605570778997
0.3393470777686505	-0.011885605570778997
0.001	0.001
0.001	0.001
0.5264357743552268	-0.017906530579027403
0.001	0.001
-1.4235614412358444	0.04633834904113063
0.9779564738884351	-0.03082991693300163
1.3403692341474338	-0.04225491957122681
0.4075677059756006	-0.01470247762474895
-1.6990137167446309	0.05779136326807778
1.5374907199245733	-0.05902393664285311
-1.0934813242823134	0.03447181883399259
-1.709206815826983	0.05388246364763826
-0.6167448803498116	0.024663110029663947
2.379795812746281	-0.08611977188327087
-0.37835940325109857	0.011927717934798548
1.3864012958568503	-0.05430224328490539
0.001	0.001
0.28413969794107813	-0.009249031420944319
0.001	0.001
1.2273220543471115	-0.04608178899924838
-0.9033046299025034	0.028476529834053677
-0.9613824915498593	0.03578829703906962
0.5618181008126496	-0.01864271937955832
0.001	0.001
0.19237131579359293	-0.0073065241431658195
-2.926435693377534	0.09225540373782819
1.183675907976479	-0.04188284845936935
-2.5033510139691892	0.08591934034055469
2.8354557333621297	-0.09229692070694522
2.924810220479053	-0.10646089467072907
2.1193933029011047	-0.07532658585304282
-1.7611000627679598	0.05925435745842195
0.001	0.001
0.001	0.001
0.001	0.001
-0.5941000426357836	0.022375724898811688
-1.1847814477845142	0.04287473213804326
-0.8575665132164791	0.030196967392535815
-2.006559826069932	0.06986380306082521
0.001	0.001
-2.9348688853423353	0.09252125872697828
0.001	0.001
0.7767847093386034	-0.030005436822599287
0.001	0.001
-0.9383499826424413	0.0311371160539557
2.225020731099791	-0.07872949467977138
0.001	0.001
0.001	0.001
-3.9044625660985623	0.12308753998244436
-0.1380289435159335	0.004580192159174585
0.001	0.001
-2.08250020557372	0.06778746502176018
-0.38509687021357436	0.013560181576109893
-1.5378276139297977	0.05005782727404049
-0.4805537684019843	0.01692144720106601
0.001	0.001
-1.3746123091034599	0.04675696171563608
0.5392979252922762	-0.017554686981164802
-0.9487672982708386	0.03256333608400794
0.4184366382093825	-0.015850416662241285
1.1425569206508865	-0.03844271976598171
-1.7798066747126566	0.061555895650310444
0.001	0.001
0.001	0.001
0.001	0.001
-1.5514689958702155	0.05614437814062797
0.001	0.001
0.001	0.001
-0.06490169115360395	0.0021836964795897886
-2.9348688853423353	0.09252125872697828
0.382589681906831	-0.013400174489478054
0.001	0.001
0.001	0.001
0.001	0.001
0.10107115458912877	-0.00360703262703213
0.1758553633212664	-0.006035660491716305
1.0618445424088734	-0.0334744744907341
0.001	0.001
-0.6754711779672515	0.021294117747967176
0.001	0.001
-0.7167849172685875	0.027575967241934424
-0.21840069130744075	0.006885045859297271
-0.32173113946120496	0.01132892268733087
2.2642448586448802	-0.0894547195001169
0.001	0.001
-3.8733634281538105	0.12210714477557748
0.001	0.001
2.032700790593905	-0.07377930502251873
-0.005771556228756469	0.00020597559917569504
1.319775522380374	-0.04816858272816761
0.001	0.001
0.001	0.001
2.1658894244815103	-0.07663720950474255
-1.883413030394844	0.06464199557206872
0.001	0.001
0.7167587265342585	-0.022595700923368607
0.9672442360587161	-0.03653687844617457
-0.8201389047794236	0.02814858695127457
0.9530526707836822	-0.03487368628884955
1.0417914945286064	-0.036683969470902335
0.001	0.001
0.6791597910000106	-0.024031195037819118
0.001	0.001
0.6769567504917355	-0.024770905188645314
2.9463673249889375	-0.09913411870777503
0.694232918838513	-0.026066096318351367
0.0118429154485618	-0.0004515169917617573
0.001	0.001
0.001	0.001
0.001	0.001
-0.2872330221143023	0.010114161489717124
-0.190479528826705	0.006632059565914932
5.62850258092735	-0.2570927697891942
0.09618597142633968	-0.0033489745372335365
-0.7991689749721643	0.0274288626593261
-1.8434500585081373	0.05811445978568817
0.001	0.001
0.001	0.001
-0.2627015667443629	0.009295356808268915
0.001	0.001
0.001	0.001
0.001	0.001
0.001	0.001
0.39643101492624466	-0.01450603022636721
-0.8139099406904589	0.02565837696504037
0.8625014673569719	-0.028075285607748697
-0.7898970438662349	0.02686807443433703
-0.1647751460551057	0.005194509368401242
-2.9406560602564564	0.0975793155184229
3.88883013475371	-0.14601240895892553
0.001	0.001
0.001	0.001
0.001	0.001
-0.6674812468279104	0.024078522298364793
0.001	0.001
0.001	0.001
-1.1940622890726387	0.04225035718583771
0.005261870220206094	-0.00018198557113107506
-0.8792478755858459	0.03273076472581595
0.2076045180769306	-0.00835821525741454
0.001	0.001
0.3722180850750994	-0.011734113889751051
0.4230114009525621	-0.01333536481560006
2.8738885393647395	-0.10332476307008068
-1.3722188414605123	0.04616997492765187
0.5500453476733406	-0.018506945935912136
0.1287848551043345	-0.0041920758698376455
-0.4438564396736364	0.016766322485402763
0.6911566516109163	-0.025086356857590236
0.001	0.001
0.001	0.001
0.001	0.001
0.9963874738614824	-0.038771970931221755
0.6605683317774934	-0.02246900307449321
-2.0795145729589644	0.06900419650648457
-0.8739329756560705	0.029726527555564982
-0.8076402483882811	0.026799796034625192
-1.2310227628506294	0.04187281301971178
0.001	0.001
-0.894315185405341	0.031785374380914874
0.001	0.001
-2.2827740395946425	0.0757489225881942
0.001	0.001
0.001	0.001
0.001	0.001
-0.3134209144956273	0.01020216431268358
0.001	0.001
0.001	0.001
-1.1809022574902572	0.04136101168886607
0.001	0.001
0.001	0.001
0.001	0.001
-2.5581797139111067	0.08780115623630895
0.001	0.001
3.9271981344592155	-0.13031558196994222
-3.6872038152870736	0.11623849360939482
2.291483461984252	-0.08317213142146561
0.3540779998899807	-0.01204384056185457
-1.1877515314717217	0.03941296740322003
0.4344919853288941	-0.014417677435876887
-1.1737846771519156	0.0418900886688073
0.001	0.001
-1.1745948632101548	0.038234237860572895
0.09507707002164241	-0.0029972889890954465
0.001	0.001
2.5177852846013984	-0.08471395374482077
0.001	0.001
-1.2631523385152195	0.03982066964116601
0.001	0.001
1.756359167170125	-0.057171247950677836
-0.26577903710703554	0.00912199664256327
-1.0112969727353254	0.03291872816263262
0.001	0.001
0.001	0.001
0.001	0.001
2.5997949095057025	-0.08195810676952985
0.001	0.001
0.3917601231856292	-0.012999712949950656
0.001	0.001
-0.8051659958894869	0.02671769331322396
-0.4473785874252552	0.015354807575754616
0.001	0.001
-1.8097503173161622	0.06089125455154427
0.001	0.001
-1.35536811172454	0.04687638227143052
0.001	0.001
0.036783051274896325	-0.0013492628542261778
-0.7899596106004592	0.02687020262013707
0.001	0.001
0.001	0.001
-2.007885106109853	0.06829751662634663
0.001	0.001
0.001	0.001
0.001	0.001
1.4518962143933887	-0.04726067425347671
-0.8045692095571668	0.02958251276710845
0.001	0.001
1.5200677170349681	-0.047919884677885646
-0.32677963165765467	0.010843475785378118
0.001	0.001
0.001	0.001
2.1843856703806592	-0.07430112220425734
1.424414274655238	-0.04888836370413775
4.029783859926874	-0.1393729770201091
2.2316764218797895	-0.07405335858510484
2.1490271839200554	-0.07843424274685094
-0.37613120182343934	0.012655392589721624
0.3550000854645692	-0.012763299347925658
0.001	0.001
0.3048734564508725	-0.010370165054526799
2.6658882539209316	-0.10055565887989691
0.001	0.001
0.001	0.001
-2.746597939245695	0.08658604812810738
-0.6695443213996639	0.021794337472775437
-3.1609813881078295	0.11184725782527116
0.9569883342122617	-0.03016889977966588
0.001	0.001
-2.5958121816314534	0.08449628335903282
0.8974395961443641	-0.031600993979928084
-0.19310099704703493	0.006678537052973587
0.2646482052822902	-0.00890441133247114
-2.0734017209315785	0.06880135472408119
2.804729326846084	-0.11345523355157064
2.2883974821105095	-0.07214135410611898
0.89935519136461	-0.03376774337025107
-1.1472994877344276	0.036168427581944565
0.001	0.001
-0.5072081181402823	0.016830605136868612
-0.8914751619460081	0.028103607803065662
0.001	0.001
0.001	0.001
0.001	0.001
0.001	0.001
-2.4612419420908074	0.08906713486389217
0.001	0.001
2.3061212313215407	-0.07652364868376806
0.6085823007220361	-0.021953819029321312
0.001	0.001
0.001	0.001
0.001	0.001
0.001	0.001
-0.7233670490796097	0.0261771219702757
-1.8594876626888892	0.05862004261876766
0.001	0.001
0.001	0.001
1.4924113741321023	-0.05922864329895081
-1.3765032548267675	0.04760735641701582
2.5966671461401285	-0.10417251069781124
0.001	0.001
1.372726000959781	-0.045550945375201594
0.6305386522580553	-0.024068694092219105
0.9110768364979115	-0.031510248541985406
-2.640544203079731	0.0913251229665434
-1.813140544351553	0.057158957338823924
-1.2930376451153216	0.04502060004136734
-0.4619812880809876	0.014563884095482517
-0.3610386423406694	0.013439976583971508
-0.1791668370041546	0.006805000084472629
-1.796932180611068	0.062148193605486714
0.001	0.001
-0.8610270672327643	0.02857132222939426
0.3535675598188866	-0.013085119923645628
0.001	0.001
0.001	0.001
-0.44911298323862625	0.016201169744899886
0.42877737106237784	-0.013957132376371478
2.3839751420927406	-0.08182215376665089
-2.222935238438818	0.07007766764508289
0.001	0.001
0.001	0.001
0.001	0.001
0.001	0.001
0.001	0.001
0.001	0.001
0.001	0.001
0.001	0.001
4.357004085583641	-0.14182484172663
-0.33911635950288427	0.012233183872708402
0.001	0.001
0.001	0.001
0.001	0.001
-0.7738392422552408	0.02710366056225982
0.001	0.001
0.001	0.001
1.7318984455130473	-0.05944175273262121
0.001	0.001
0.02800779753227935	-0.0009293782259391627
0.2821826123273634	-0.010325502671726012
0.001	0.001
-1.523254207097945	0.05363742276940827
0.6085823007220361	-0.021953819029321312
0.001	0.001
0.001	0.001
0.001	0.001
5.405520556077672	-0.17040814614262573
0.001	0.001
0.001	0.001
0.001	0.001
0.001	0.001
0.001	0.001
0.001	0.001
0.001	0.001
0.001	0.001
0.001	0.001
0.001	0.001
0.001	0.001
0.001	0.001
0.001	0.001
0.001	0.001
-1.6978768868009622	0.0535252894992427
0.001	0.001
2.720757448366075	-0.0933811055204826
0.001	0.001
0.001	0.001
0.001	0.001
0.001	0.001
1.696647268940819	-0.053486525998514674
0.001	0.001
0.001	0.001
0.001	0.001
0.001	0.001
0.001	0.001
0.001	0.001
0.001	0.001
0.001	0.001
0.001	0.001
0.001	0.001
0.001	0.001
0.001	0.001
0.001	0.001
0.001	0.001
0.001	0.001
0.001	0.001
0.001	0.001
0.001	0.001
-1.7883181491350435	0.05637643541373217
0.001	0.001
0.001	0.001
0.001	0.001
0.001	0.001
0.001	0.001
0.001	0.001
4.334825540073914	-0.15470147955765587
0.001	0.001
0.001	0.001
0.001	0.001
0.001	0.001
-0.4865782730130596	0.016371518876276542
0.001	0.001
4.232507687599269	-0.1424078783305173
0.001	0.001
0.001	0.001
0.001	0.001
0.001	0.001
0.13051624574741236	-0.004391378118227568
-2.483144433129719	0.0782807196946559
0.001	0.001
2.2325209265302988	-0.07037985488500265
0.001	0.001
1.8452367950002897	-0.06333172108659611
0.001	0.001
0.001	0.001
0.001	0.001
0.001	0.001
0.001	0.001
0.001	0.001
0.09884160107837921	-0.0031159652112686433
0.001	0.001
3.773209606087394	-0.11894981201356492
1.135829288124096	-0.03697237961049379
0.001	0.001
0.001	0.001
2.105538059565775	-0.0716191480244645
0.001	0.001
1.8082460448991646	-0.05700465904889515
0.001	0.001
0.001	0.001
0.001	0.001
4.450318773789497	-0.14029556711841953
0.001	0.001
0.001	0.001
-0.08598455887161234	0.0027106490711109195
0.001	0.001
0.001	0.001
0.001	0.001
0.001	0.001
0.001	0.001
0.001	0.001
3.9488616131164846	-0.12448721263456602
4.499601799536479	-0.1464665399703514
0.001	0.001
0.001	0.001
0.001	0.001
0.001	0.001
0.001	0.001
0.001	0.001
0.001	0.001
0.001	0.001
-0.5920140593661681	0.019270649882417862
0.001	0.001
0.001	0.001
0.001	0.001
0.001	0.001
0.001	0.001
0.001	0.001
0.2014982931619033	-0.006853894670332116
2.071297964587864	-0.07045448304989715
-0.8398771830296122	0.02647699000730809
0.001	0.001
0.001	0.001
3.968664139754658	-0.1251114840286609
0.001	0.001
0.001	0.001
0.001	0.001
3.41582437738313	-0.10768330148040677
0.001	0.001
0.001	0.001
0.001	0.001
6.323382269507194	-0.21508765833874613
3.124779604653432	-0.10513701724699609
0.001	0.001
0.001	0.001
0.001	0.001
0.8318629372139156	-0.026224342226577952
0.001	0.001
2.5230047519327425	-0.08372045955005522
0.001	0.001
0.001	0.001
0.001	0.001
0.001	0.001
0.001	0.001
1.5820743572682676	-0.049874633809088
0.001	0.001
0.001	0.001
0.001	0.001
0.001	0.001
0.001	0.001
0.001	0.001
0.001	0.001
0.001	0.001
0.001	0.001
0.001	0.001
0.001	0.001
0.001	0.001
0.001	0.001
0.001	0.001
0.001	0.001
0.001	0.001
2.1387741610575297	-0.07097059785573226
5.846850368339659	-0.18432099586076817
0.001	0.001
0.001	0.001
0.001	0.001
6.433612863107026	-0.20281858696638458
0.001	0.001
0.001	0.001
0.001	0.001
0.001	0.001
0.001	0.001
0.001	0.001
-0.3310599699489918	0.011138916075387514
0.001	0.001
0.001	0.001
0.001	0.001
5.1323650210593375	-0.1670636158463752
0.001	0.001
-1.6400419260438608	0.05170205187714762
0.001	0.001
0.001	0.001
0.001	0.001
0.001	0.001
0.001	0.001
0.001	0.001
0.001	0.001
6.978608956510537	-0.21999949914096611
2.6995883374920298	-0.08787430104981789
5.357317682714349	-0.16888855849082113
0.001	0.001
3.8267536877534467	-0.12063778037830686
0.001	0.001
0.001	0.001
6.0064687609715275	-0.20615240565108153
6.0064687609715275	-0.20615240565108153
0.001	0.001
0.001	0.001
0.001	0.001
0.001	0.001
0.001	0.001
0.001	0.001
0.001	0.001
4.806058485661401	-0.15151020300417972
0.001	0.001
0.001	0.001
-0.785985816846577	0.02608124052711856
0.001	0.001
0.001	0.001
-1.88071423393331	0.061219129778456914
0.001	0.001
-0.5985592616899105	0.01948370276586706
0.001	0.001
1.5083663051867453	-0.04755099959464143
0.001	0.001
0.001	0.001
1.7026915257616067	-0.05367707020030895
0.001	0.001
0.001	0.001
0.6580499527288373	-0.020744916488696516
-3.04903501078084	0.10258849809368042
0.001	0.001
-0.7366940528771352	0.02673919127055446
0.001	0.001
0.001	0.001
0.001	0.001
1.2168879213388015	-0.041392021280071266
0.04967347476459254	-0.0016169212968631828
0.001	0.001
0.001	0.001
0.001	0.001
-0.6211488242260836	0.01958161448410884
0.001	0.001
0.001	0.001
0.001	0.001
-1.3952707886285296	0.04398568204311361
0.58634302506958	-0.020646539872992187
0.001	0.001
1.3899952146757528	-0.05546046851539157
0.001	0.001
0.001	0.001
0.001	0.001
0.001	0.001
0.001	0.001
-0.5771836001795537	0.01878790359952263
1.0298587878207452	-0.032466128840062676
-0.16783191965822924	0.005843521847683059
0.001	0.001
0.001	0.001
0.001	0.001
-0.6726923097500956	0.022321840363131985
0.001	0.001
0.001	0.001
0.001	0.001
2.753177923661963	-0.08679348105420417
-1.6103660014066534	0.05343651516243513
0.001	0.001
1.467963081174527	-0.04627729460532894
0.001	0.001
1.1062992310295388	-0.03671014886147734
0.001	0.001
0.001	0.001
0.001	0.001
0.001	0.001
0.7601054373780339	-0.026765129880484934
0.7018959633697006	-0.02409028451220028
0.001	0.001
-0.5951873743958794	0.018763184049732685
0.001	0.001
0.001	0.001
-0.15141867394232833	0.0050946657838153355
0.001	0.001
3.23915497778048	-0.10211382772591907
0.001	0.001
0.001	0.001
0.001	0.001
0.001	0.001
0.001	0.001
0.001	0.001
0.001	0.001
0.001	0.001
1.3530359695775007	-0.04602304999776646
2.2536740037846	-0.0710467021650605
0.001	0.001
-0.7899829408974108	0.025714735024056058
0.001	0.001
0.001	0.001
0.001	0.001
-3.257889403700636	0.10604755927852522
0.001	0.001
0.001	0.001
0.001	0.001
0.001	0.001
0.001	0.001
1.1239741233527294	-0.03543309930760892
2.330425000820156	-0.07998422021773603
-0.23964838624814003	0.008344006215591957
-0.3085552664045887	0.010807124721350335
-0.8824396313629829	0.030286855736166015
0.001	0.001
0.001	0.001
-1.9808478786470256	0.06244590345906035
-1.2955855432521852	0.04084312108415913
0.001	0.001
-1.6056817052155432	0.0506188515689328
-1.7156625412970516	0.056930553254080335
0.001	0.001
-2.1183970268376044	0.06678211772436357
0.11400536555643472	-0.0035940003914962902
-1.772654488075857	0.05588264107603396
0.001	0.001
2.2695551449370934	-0.08712773179456984
0.001	0.001
0.001	0.001
0.001	0.001
-1.6807744177418873	0.052986136976079734
-0.2902573311471581	0.010470657645446317
0.10056098556717845	-0.0031701685243821667
0.001	0.001
-0.8743576995014265	0.027563982615891505
0.001	0.001
1.3892331943010374	-0.04522093026147174
0.2837630042894279	-0.009236769665739294
0.3786389913354137	-0.01333278421986595
-1.541062595249473	0.05241871056317971
0.001	0.001
0.001	0.001
0.001	0.001
3.3142711366198156	-0.10997692430770799
1.4950801308300579	-0.047132155134063956
0.001	0.001
0.001	0.001
0.001	0.001
0.001	0.001
2.0254287436727005	-0.06889425738331982
1.5163193332835412	-0.052042704412748025
0.8170321845825117	-0.0271114471377963
0.001	0.001
0.001	0.001
0.001	0.001
0.001	0.001
-0.3880403885187061	0.01287628159474591
0.001	0.001
0.001	0.001
0.001	0.001
0.001	0.001
0.001	0.001
0.001	0.001
0.001	0.001
-2.1018122417340477	0.06625928510272211
0.001	0.001
0.001	0.001
0.001	0.001
0.001	0.001
0.001	0.001
0.001	0.001
-1.2149260101610095	0.04087766596207321
-1.5993000204734162	0.05489074524464701
0.001	0.001
-0.1943037183190525	0.006125392750590978
4.793623449380372	-0.1511181905313969
0.001	0.001
2.399600766160026	-0.085285601722794
0.001	0.001
0.4896278705810443	-0.015937877010459928
0.001	0.001
-2.0150947207568297	0.06352552952182859
0.001	0.001
0.09958085769368775	-0.0033043755316424527
0.09958085769368775	-0.0033043755316424527
0.12164191116255393	-0.003959565898741414
1.1650099414487203	-0.0367267467213296
1.1650099414487203	-0.0367267467213296
0.001	0.001
0.42721971940595377	-0.01346803136243503
1.256432969212315	-0.04169201246875
2.754248002151946	-0.09646732664661921
0.001	0.001
-0.036913038534640445	0.0012248794010957047
0.001	0.001
0.001	0.001
0.19433566462726282	-0.007381132782814614
-0.9149893806164998	0.030361944966592683
0.001	0.001
0.001	0.001
-0.5100319661588945	0.01775814126022904
0.001	0.001
0.001	0.001
-0.2627220581907953	0.00901707583423368
0.001	0.001
-2.8837300233743663	0.09090911451747988
1.0159662432580212	-0.0369804079783313
-0.8118197548249728	0.02642554516291676
0.001	0.001
-1.1551789187001054	0.036416825346709376
0.001	0.001
-2.1418825201322784	0.07457542836339547
0.001	0.001
0.001	0.001
-1.6243283187160416	0.05465250547760581
0.001	0.001
0.001	0.001
-0.07719915532370676	0.0027936739826374467
0.2796373748576046	-0.009846700588433302
0.001	0.001
0.001	0.001
1.9162414425027887	-0.06237557595876393
-0.6578225759154477	0.02073774847206545
-0.9925834858503766	0.03293673763932907
0.001	0.001
0.001	0.001
0.001	0.001
0.001	0.001
0.22534873580148723	-0.007335326788903134
0.001	0.001
1.4850995271278076	-0.04834147529953035
0.001	0.001
0.001	0.001
2.9391125664717848	-0.09997289624017397
3.9510604197762325	-0.12455652965273782
0.001	0.001
-1.0552914187516558	0.03888889682102627
0.21642120892083042	-0.006822643002749998
-1.961293660585759	0.06384207072754149
0.001	0.001
-1.6340582894664542	0.05319023203179384
-0.9124506636444857	0.03155776334327119
0.19051854364383555	-0.006321946090054119
0.001	0.001
0.001	0.001
6.584829098272037	-0.21434277460270965
-3.522328906327996	0.11104083923186019
-2.304856395767652	0.07266021865112227
-0.6421978539671218	0.02221087528623613
1.4592443531315202	-0.05110992240378757
0.001	0.001
-1.032063556241517	0.03253563380176985
2.6148067289104096	-0.08797835845626163
-0.40888121922322124	0.014592174239171803
0.001	0.001
-0.8773499079283639	0.027658311494233007
0.43667713866085134	-0.016314117460464846
-1.5825081086811197	0.04988830775101164
2.2152950711375645	-0.06983681262797221
0.8494766339484979	-0.029379761172742415
0.001	0.001
5.883673580046358	-0.18548184155118014
1.1439197540553836	-0.037235732370248166
0.001	0.001
0.001	0.001
-0.620530619399855	0.020198892439441726
0.001	0.001
-0.5338664264356561	0.017715203479224503
0.001	0.001
0.001	0.001
0.001	0.001
0.001	0.001
0.001	0.001
0.001	0.001
1.2462436594310664	-0.04193138643136261
0.001	0.001
0.001	0.001
0.001	0.001
-1.8560802459446166	0.06041726882561731
0.001	0.001
0.001	0.001
1.346403812272208	-0.04715769104860406
1.6459959225262626	-0.06364278357601628
0.001	0.001
2.0373587987710087	-0.0704635213482595
0.9675292769889755	-0.03774463273961571
0.001	0.001
0.001	0.001
0.001	0.001
4.364527677426776	-0.15095033302869762
1.38386986654694	-0.04918492106641857
0.001	0.001
1.5449548809177152	-0.05028982694460528
0.001	0.001
0.001	0.001
0.001	0.001
-0.4726435346032988	0.017455428591641616
0.001	0.001
0.001	0.001
0.001	0.001
-0.3225268077875041	0.010498570248857269
-1.2813131350894273	0.04461237953939602
-0.10987139781634252	0.003576423914116902
2.409365700255312	-0.09567861124194546
-4.100213538917314	0.12925855719301693
1.0842634573939711	-0.03911340125319483
0.001	0.001
2.0234832505805995	-0.06882808210944588
4.195940662174987	-0.1539140087019836
0.001	0.001
2.2863599762086637	-0.0720771220678007
0.2501263853423245	-0.008650801176485765
0.001	0.001
-1.3106924378007778	0.048699882965021264
0.7086686612396925	-0.022340662946041936
0.001	0.001
0.001	0.001
0.001	0.001
0.001	0.001
-1.2757973528991793	0.040219301639095366
-0.2883172955752035	0.009089155305234202
1.4341646089507134	-0.04668349275764398
-2.0492207433859053	0.06460134677034568
0.001	0.001
0.001	0.001
0.27387922634526635	-0.008633997548302507
-3.1833125299559324	0.10035340374618817
0.06227920471944582	-0.002027250417648531
0.001	0.001
0.001	0.001
1.0744286084482533	-0.03959412779545772
0.001	0.001
0.001	0.001
1.1125276793836976	-0.038966197294745875
0.001	0.001
0.7943036730313596	-0.026357250606658767
-0.9103296160947304	0.02869799136792001
2.4343393010912537	-0.08077828820258716
0.001	0.001
0.7675359391583138	-0.025469021213016814
-0.42338521109201377	0.01516766713650884
0.8917828629497206	-0.03033368529108821
0.001	0.001
0.001	0.001
0.3244634303471126	-0.010228656256678558
0.001	0.001
-0.9372434337442227	0.0324152391527649
0.001	0.001
0.001	0.001
0.001	0.001
0.001	0.001
5.368943873278305	-0.2263369541533372
0.001	0.001
-1.8912180416161686	0.06490987706840894
0.131120364697911	-0.004350945903082698
-3.5284593715931116	0.11123410114067774
0.001	0.001
1.7938418692934224	-0.06624924781935164
-1.450306996482062	0.050496357528703156
0.001	0.001
5.040774541131087	-0.17550818831321016
0.001	0.001
0.001	0.001
0.001	0.001
1.8495515136662106	-0.06223041429928277
0.001	0.001
0.001	0.001
0.001	0.001
-0.42112136503781195	0.013974002300353982
-0.32979714611608707	0.010943605480720695
0.001	0.001
0.001	0.001
0.001	0.001
0.001	0.001
0.8145115555389624	-0.025677342774153816
0.001	0.001
1.8206110880690336	-0.06497406329726264
0.001	0.001
-1.8318908062558361	0.062311131457271955
-0.15332855361309045	0.004990997809779815
2.038268872947782	-0.0730204621929038
0.001	0.001
1.4610822192194144	-0.054182115656390015
0.001	0.001
-1.266799058729782	0.03993563189592346
0.2882532770589822	-0.009087137132043496
0.04877619803182711	-0.0015376616176482477
0.001	0.001
0.001	0.001
-1.0457727131458483	0.035186297175876305
0.3414810537166794	-0.0117202209000706
0.001	0.001
0.001	0.001
0.001	0.001
0.001	0.001
0.6448139471211399	-0.02169555093697493
1.3943671658270298	-0.0439571954829723
0.001	0.001
0.001	0.001
0.23273582332284024	-0.00757578387775535
1.996186992122831	-0.06716414364280397
-1.3510108163490413	0.04397675362152004
0.001	0.001
0.001	0.001
0.001	0.001
0.3551419496266802	-0.01119579152933125
0.001	0.001
-0.9150167888111685	0.029784711857338008
1.4547105289712883	-0.052114633448110535
0.001	0.001
0.001	0.001
0.001	0.001
0.08838118123794853	-0.002973692532518519
1.839392760974877	-0.07630336600633993
-1.2173641186697883	0.039626419912088186
0.001	0.001
0.001	0.001
-4.091685379267002	0.12898970836320642
0.3655981113102924	-0.011525420306021135
-1.3843516020015578	0.04593671581856582
0.001	0.001
