1
1
1
3
2
5
1
2
1
1
1
1
1
2
1
1
3
2
1
1
1
1
2
1
1
1
61
1
1
1
1
1
1
2
1
1
1
1
1
5
1
1
1
1
1
1
17
1
6
1
1
1
1
1
1
1
1
1
1
1
1
28
1
1
2
1
1
1
1
1
1
5
1
2
1
1
2
1
2
1
1
1
2
1
1
2
1
14
12
1
1
1
1
2
1
1
104
2
2
1
1
1
2
1
1
1
11
1
8
1
1
1
34
3
2
2
1
2
1
1
1
1
1
1
1
1
1
2
1
39
1
1
1
1
1
3
4
2
1
1
1
1
1
1
6
5
7
1
1
1
5
1
2
1
1
1
1
1
1
1
1
7
7
1
2
55
1
2
1
1
1
1
2
1
1
2
1
1
1
1
1
2
1
1
2
1
1
1
1
4
1
1
3
72
2
1
5
3
1
1
2
1
1
1
1
4
11
10
10
2
2
1
1
1
2
1
1
1
1
1
1
1
1
2
1
3
22
5
1
1
1
1
1
1
7
2
1
1
3
1
51
7
1
1
1
2
3
4
1
9
7
4
5
2
1
1
2
4
1
2
12
3
1
2
1
1
2
4
1
1
1
239
1
1
1
4
35
1
1
1
5
1
1
28
3
28
1
14
8
2
2
2
1
3
5
75
1
1
1
1
1
1
1
14
1
770
1
7
56
1
1
1
3
5
2
1
1
1
1
1
1
2
1
4
1
1
2
4
2
2
3
1
13
1
1
2
1
3
1
2
2
1
1
12
1
6
4
3
1
3
6
2
61
22
1
1114
1
1
1
1
1
37
1
1
1
4
2
4
1
1
6
6
2
1
6
1
2
4
2
1
15
1
2
1
1
30
6
2
1
1
8
1
2
4
1
4
1
1
8
1
26
1
1
1
341
1
4
169
1
1
1
18
5
1
37
2
1
94
1
3
1
2
1
2
1
1
2
17
1
1
1
1
593
2
3
13
70
3
3
2
4
600
1
1
2
1
1
1
1
1
3
1
1
15
1
42
1
1
1
41
2
3
2
1
4
1
58
477
2
5
1
1
3
29
1
5
1
2
1
2
54
3
4
2
1
2
1
2
2
1
3
2
3
1
1
8
82
4
1
2
1
1
1
501
1
5
1
1
1
1
1
1
500
1
1
3
196
1
1
16
7
5
1
1
1
1
2
1
6
1
1
3
2
1
1
35
1
1
2
14
154
2
2
2
2
1
10
4
59
3
1
1
2
1
2
1
61
4
2
1
4
27
1
1
1
14
1
4
4
3
157
451
20
1
1
1
1
165
1
2
2
1
1
11
1
1
4
1
1
7
1
1
23
1
49
1
14
1
2
1
1
1
1
1
1
1
1
2
2
1
1
1
5
2
1
1
3
1
1
2
1
1
2
23
1
3
6
1
1
2
1
1
1
1
2
1
1
1
1
1
3
5
1
1
1
1
8
2
4
4
1
1
1
1
1
4
8
1
18
2
1
4
2
2
1
1
2
2
46
1
2
5
1
2
1
1
7
5
6
1
2
2
8
1
1
1
6
1
4
2
1
1
1
1
6
1
3
2
837
967
2
1
1
3
1
2
1
1
2
1
2
1
3
38
2
1
6
102
2
350
29
4
1
1
27
5
4
1
1
1
1
796
2
1
3
1
77
1
1
1
1
5
8
1
2
8
1
4
1
1
7
1
1
1
2
1
1
2
4
9
1
5
4
2
1
5
1
21
1
15
2
7
2
814
4
33
3
145
1
2
2
1
1
1
1
2
1
5
2
2
1
20
1
1
2
40
8
1
1
1
1
751
1
1
1
1
1
117
1
1
25
71
1
1
1
2
12
1
1
1
11
1
2
1
1
1
1
11
3
3
47
1
277
1
19
1
1
1
1
1
4
16
1
5
1
3
1
1
3
1
1
1
1
1
1
1
90
2
1
1
1
2
1
1
1
1
1
1
2
1
15
13
14
2
1
1
39
1
1
1
1
2
1
8
1
2
1
1
1
23
1
21
5
1
9
1
2
1
8
2
1
19
1
1
4
3
1
1
1
2
1
14
17
3
1
1
1
1
1
2
2
2
12
1
1
1
1
2
7
25
1
1
1
1
1
1
3
2
44
1
1
30
1
2
1
1
1
1
1
3
1
1
1
1
1
1
1
1
1
367
1
2
1
2
9
1
4
1
4
1
11
2
1
24
5
1
1
1
8
1
1
2
1
5
1
1
1
1
2
1
4
51
9
1
1
2
1
1
3
1
1
1
1
27
1
1
1
3
1
1
1
62
1
1
8
1
11
1
3
1
2
6
2
41
14
1
1
3
35
1
1
4
2
4
10
3
7
1
2
1
1
6
1
63
8
1
1
1
3
1
2
1
1
82
2
29
7
3
1
1
1
24
8
2
5
2
20
1
1
6
8
1
2
1
135
2
13
1
2
1
292
7
2
11
282
1
2
1
1
10
123
7
2
1
1
3
3
1
1
9
2
1
1
1
3
4
1
8
1
1
2
1
1
1
1
1
4
2
1
1
1
9
2
1
1
3
2
1
1
2
13
157
1
1
1
1
1
1
1
1
1
2
1
2
1
2
3
2
3
4
2
3
1
2
3
1
322
2
1
1
1
3
1
6
1
4
3
2
1
1
24
2
1
1
1
7
1
4
1
2
1
3
3
2
1
2
5
2
1
2
1
2
63
23
4
1
1
1
1
3
1
1
3
1
1
1
1
4
43
9
1
3
1
15
1
1
2
2
31
1
1
1
4
164
3
1
8
1
19
1
17
20
3
3
1
1
14
4
1
4
1
1
3
40
1
1
3
101
1
1
1
1
1
1
84
1
1
1
1
2
4
1
3
25
2
1
1
1
2
1
1
1
3
1
37
1
1
1
13
2
7
1
2
1
1
2
1
1
3
1
1
1
7
1
1
119
4
67
3
6
1
783
1
1
3
1
1
1
1
3
1
2
1
6
2
1
1
12
1
5
1
14
8
1
4
5070
1
2
19
2
8
6
1
7
65
2
1
1
1
3
2169
1
1
51
1
2
1
1
1
9
1
7
551
1
1
5
1
1
1
1
6
6
72
355
1
4
29
1
1
1
2
2
1
1
1
1
2
1
1
1
11
81
12
1
2
1
1
1
1
3
1
1
2
1
1
1
4
1
6
8
1
1
35
2
1
1
551
1
4
1
1
1
1
3
1
1
5
1
4
2
1
1
2
97
10
1
1
80
1
488
1
1
5
1
3
1
46
1
1
1
1
2
1
1
1
1
1
4
1
1
67
7
1
1
1
3
1
1
2683
3
4
1
8
4
15
111
1
1
4
5
68
5
5
1
1
1
3
1
42
2
1
72
542
1
2
41
12
1
38
15
1
1
2
1
1
1
1
1
1
1
9
1
2
1
1
1
3
21
1
1
1
1
1
1
4
1
49
2
1
1
1
4
1
27
11
46
1
1
1
1
1
1
1
2
5
3
3
1
1
1
8
5
1
1
7
10
1
2
1
5
2
641
7
4
1
1
21
1
2
2
5
1
4
2
55
5
5
1
1
2
1
1
1
9
25
1
1
1
25
1
1
1
1
1
1
1
3
1
1
1
59
1
1
2
5
1
1
1
2
1
1
6
7
1
1
1
2
1
4
2
1
1
8
1
1
1
3
1
1
1
7
1
6
5
1
81
3
1
9
1
1
5
1
1
9
14
1
1
1
5
1
9
21
1
1
5
1
1
1
9
1
1
18
295
1
9
1
535
2
1
1
31
1
6
131
1
1
14
1
2
1
1
1
2
16
1
1
865
1
2
2
23
5
1
496
2
1
6
1
1
3
1
1
1
1
1
1
2
226
2503
1
1
1
1
2
21
2
1
1
1
7
2
2
1
1
1
2
1
36
3212
6
1
3
1
2
2
2
23
1
2
15
1
2
1
4
1
1
5140
10
1
1
1
1
2
1
1
1
1
1
13
1
3
2
1
1
5
1
1
1
1
1465
5
1126
3
1
1
1
2
1
32
1
1
707
1
11
1
1
5
6
12
1
7
1
1
106
28
1
8104
1
1
1281
122
1
5
596
1
1
1
1
1
1
14
1520
1
5
9
4
3
1
1
2
1
2
1
1
10
10
1
2
1
1
1
1
4
1
1
11
2
1
1
1
1
1
1
1
1
1
10
3
1
1
5
1
12
70
1
5
1
2
107
13
1
39
1
1
2
1
1
2
1
7
4
42
1
6
1
1
211
1
1
4
1
11
16
4
1
1
2
71
1
53
3
1
1
45
1
1
1
19
2
3
611
1
3
1
1
1
1
2
2
1
8
3
1
7
1
1
3
1
1
4
1
1
2
1
1
32
13
7
1
6
1
1
11
1
1
3
1
1
3
4
1
82
1
58
1
1
39
23
3
1
1
2
1
2
3
132
34
1
2
6
2
6
1
1
1
8
1
1
1
2
6
1
3
1
1
26
1
858
1
6
6
72
6
61
77
336
2
1
4
4
1
1
1
4
2
1
2
1
1
1
1
2
1
1
189
1
1
10
2
4
1691
6
2
1
31
17
1
6
