0
2
2
2
1
0
0
0
1
1
1
0
3
5
0
8
1
1
46
1
1
9
1
1
0
2
0
1
0
1
0
42
1
0
0
17
1
0
0
0
3
1
0
1
0
0
1
7
2
2
1
4
1
1
2
3
0
0
3
0
8
1
2
53
7
1
2
1
1
1
0
2
4
64
1
1
23
1
1
0
1
1
2
0
1
1
1
0
1
23
0
1
7
10
1
1
6
1
1
2
28
0
17
1
3
1
9
0
2
1
0
0
1
1
2
0
15
0
1
1
2
1
83
1
11
1
1
2
2
1
0
1
2
2
2
7
1
34
1
1
0
1
1
26
1
1
1
342
6
2
1
1
219
36
1
3
4
0
1
1
1
2
2
1
1
1
1
1
1
44
13
1
2
4
81
1
1
2
0
10
1
0
1
1
2
1
1
0
1
2
2
1
2
1
1
2
1
2
1
0
40
0
75
0
1
12
57
1
1
1
0
1
1
0
1
1
1
0
1
3
25
0
3
1
2
5
1
1
1
2
1
3
3
10
2
1
0
1
0
4
2
4
3
0
1
2
12
83
1
1
1
146
2
2
2
1
0
1
0
0
1
2
3
4
0
13
1
1
1
1
2
0
1
0
0
1
1
8
93
1
0
1
1
6
4
10
18
1
18
62
5
2
1
1
0
7
230
1
2
1
21
0
1
0
6
18
1
1
1
2
1
27
10
1
5
1
1
1
0
0
1
0
1
8
1
1
7
0
3
2
2
1
0
1
15
10
12
1
0
2
8
1
1
3
86
9
1
0
1
1
1
2
2
1
8
7
40
1
0
3
0
0
1
0
99
0
0
1
13
9
5
2
5
0
0
1
1
1
0
15
1
0
1
1
16
4
2
2
0
2
1
1
4
1
5
0
2
15
1
0
2
1
2
0
1
4
60
1
39
2
2
1
0
5
72
12
1
3
3
9
1
1
10
1
0
1
14
20
1
1
2
4
14
1
23
9
1
1
58
7
2
0
1
1
0
0
19
11
53
0
0
1
4
1
0
19
121
1
0
1
3
1
3
2
4
4
2
1
0
53
53
38
1
2
8
1
1
1
400
2
2
3
42
2
20
1
0
0
2
0
0
1
1
1
9
1
2
1
1
1
1
1
1
1
1
0
125
1
3
191
1
0
1
11
0
3
2
6
4
1
3
0
13
1
0
17
2
2
0
1
1
1
4
1
6
1
1
1
3
68
2
5
0
1
1
1
8
0
14
0
1
1
1
1
0
2
2
1
3
1
5
1
0
0
1
1
2
2
19
16
8
1
1
3
1
1
33
1
21
1
1
237
1
1
55
1
2
2
175
3
1
1
1
1
2
1
0
0
5
2
1
23
1
3
0
1
3
3
8
0
1
1
17
1
0
1
1
3
2
5
1
10
1
1
1
4
11
2
1
1
6
1
301
1
16
25
9
3
1
7
13
0
4
2
1
19
14
1
186
0
63
24
2
1
8
1
0
133
2
1
3
1
1
30
3
2
3
1
3
0
1
2
2
2
1
0
15
1
2
3
2
0
1
47
1
7
121
1
0
1
1
1
5
1
0
0
0
5
3
0
13
1
2
1
0
1
1
1
0
21
0
1
26
3
0
4
2
0
2
4
2
1
1
1
4
1
2
3
7
1
1
2
0
2
16
1
8
13
3
25
3
2
1
1
1
1
1
18
1
16
1
8
2
0
5
1
2
1
48
0
0
2
1
1
22
1
8
12
1
2
0
14
1
1
2
2
8
1
21
16
1
1
1
1
8
13
1
23
8
1
11
17
1
1
1
0
1
1
1
1
1
1
8
1
0
27
1
0
2
2
0
2
21
1
1
1
1
0
5
2
14
3
1
13
3
2
2
1
1
5
1
2
0
1
2
1
17
2
1
2
1
0
1
1
1
1
2
14
11
1
1
2
1
1
4
1
1
4
2
1
1
49
1
7
1
3
22
1
2
0
0
3
1
3
0
1
15
2
0
0
1
0
7
1
2
1
3
1
8
1
1
1
3
3
1
1
1
2
1
0
20
1
56
0
1
1
6
3
1
1
4
1
1
2
2
3
3
0
53
1
0
8
1
10
7
1
2
97
1
4
9
4
2
2
4
1
10
1
4
2
3
158
1
2
27
5
12
1
2
7
2
2
2
0
1
3
1
1
0
12
1
1
3
20
1
13
1
1
1
1
0
0
177
1
65
3
1
0
3
0
2
3
1
2
1
1
2
8
1
1
3
4
7
0
5
13
60
45
3
1
3
1
1
7
2
39
5
128
9
3
12
2
1
0
0
3
1
1
1
21
6
11
1
19
0
3
1
0
0
1
2
1
12
21
0
1
1
1
1
7
0
1
1
6
3
1
4
7
1
2
12
6
1
1
8
1
0
26
517
1
3
1
1
1
2
1
9
1
2
0
0
1
1
0
8
3
0
1
10
2
7
1
0
0
2
1
1
1
0
0
6
1
1
1
1
0
0
1
3
0
2
0
0
0
1
50
3
2
17
3
1
13
14
1
5
1
0
1
7
1
1
1
1
0
2
3
0
1
3
0
0
12
9
1
2
1
0
66
1
1
2
1
2
1
4
4
1
8
1
2
11
1
1
0
4
1
0
2
4
37
11
1
1
2
1
0
1
1
1
1
9
1
0
1
0
0
1
2
1
1
14
23
1
1
0
1
2
1
1
1
207
5
1
2
2
1
3
6
1
1
3
2
1
1
1
3
33
17
90
1
1
3
25
1
1
19
7
1
1
6
1
1
4
0
1
2
1
1
9
26
1
2
1
2
1
1
1
1
1
1
0
1
0
0
10
2
1
21
1
0
1
1
1
3
5
1
1
386
1
61
1
2
1
5
4
1
1
2
2
1
0
1
1
0
3
3
1
2
1
2
8
1
8
2
5
2
1
3
15
1
4
9
2
1
1
1
1
1
2
3
1
11
5
2
73
2
1
1
7
0
1
1
1
25
1
1
0
2
37
1
2
2
1
1
1
10
1
3
5
1
1
2
0
23
7
1
1
2
1
2
1
3
1
1
18
1
1
1
2
9
39
1
1
1
4
2
1
7
2
1
1
5
1
0
1
79
7
1
1
21
1
0
1
1
1
1
1
23
1
1
0
1
1
1
13
5
12
6
1
5
2
1
16
1
1
1
4
1
1
1
1
2
28
1
1
1
61
1
1
2
79
15
1
3
1
1
0
2
2
8
0
1
0
151
1
1
3
1
1
1
570
3
1
1
9
7
1
2
2
0
1
1
1
1
9
5
0
2
2
2
185
5
21
1
20
2
79
1
1
1
0
1
1
2
1
1
2
1
1
0
1
2
23
1
0
1
1
0
6
1
1
0
2
2
5
1
2
12
30
1
1
0
3
1
2
0
0
0
35
2
1
0
2
2
1
7
261
2
1
1
3
0
1
663
1
2
4
0
1
0
1
1
3
1
12
0
1
1
8
1
0
0
2
1
0
2
7
1
1
1
1
2
1
0
0
0
1
1
1
1
2
0
6
0
5
1
15
1
1
1
3
0
1
24
0
502
1
28
1
1
2
1
2
2
1
25
7
14
1
4
0
1
1
9
1
2
2
10
9
14
1
1
0
11
2
2
0
1
0
1
4
14
0
20
8
0
2
1
1
1
7
2
0
9
1
1
0
5
1
1
1
0
1
10
0
1
6
60
0
1
1
1
0
2
1
14
8
7
2
1
1
1
0
1
24
2
1
3
0
6
0
1
1
1
1
1
1
3
9
0
1
805
12
0
1
2
4
1
1
0
2
0
1
594
2
10
0
3
1
2
0
1
1
12
2
1
1
1
1
5
0
2
0
1
1
0
19
1
1
0
2
1
0
2
3
1
1
17
1
13
1
2
3
0
0
17
13
1
1
1
15
3
0
1
1
1
1
1
6
1
11
1
1
4
1
2
1
1
4
7
1
1
1
3
1
1
0
4
1
14
0
2
15
1
1
1
1
2
1
621
9
67
0
12
1
2
15
1
0
1
1
0
162
0
8
1
6
1
2
20
1
60
1
1
1
9
3
210
14
1
13
1
1
1
3
1
1
1
8
38
3
1
4
1
1
1
0
1
3
1
5
8
0
30
0
1
3
0
563
1
40
0
1
11
1
0
3566
5
120
2
0
2
1
1
2
1
1
1
0
17
2
2
2
2
2
0
0
0
1
0
25
803
9
1
1
1
0
1
0
1
4
1
1
2
0
2
74
1
1
1
1
107
1
