28902
7601
7601
4575
72342
1589
7099
26490
10397
578
7561
24341
13656
32
9257
13666
3845
13672
13672
64505
3618
7701
52367
341525
1257
3428
75328
75328
228
12056
12056
12056
12350
64
5402
6669
7680
134405
32
6310
232
14345
99313
203129
542
35740
7287
5137
8601
36461
55519
65621
4234
11579
323
323
399
9
3511
8480
20825
77
1730
18893
78094
78094
78094
763991
763991
52667
39200
40646
40646
1034
1469
13094
1171
793
202
3463
12751
7215
59048
59048
59048
5167
27904
298822
202370
176
50929
50929
98057
1567
1567
8039
1095
6411
143635
143635
143635
6328
143635
274220
40668
29661
82389
7
2033
53
1366
0
114
11532
0
2
167
4397
91537
91537
15750
126207
126207
0
4118
89
5580
5580
7361
4
138406
12174
300
9453
31962
861
90123
90123
90123
115771
644
4458
6294
5138
182608
182608
198276
48829
0
0
3965
40803
40803
40803
37965
529016
25273
184661
184661
184661
1094
5825
13200
6275
144
23
9852
27912
22249
5080
7527
197
310
540
27912
27912
812
9035
3195
19
89
97824
14113
15303
17143
5441
5441
13473
52120
6
556654
556654
556654
41
2872
2082
61367
61367
61367
61367
143154
425
184992
8398
184992
1266
63281
2300
2300
15167
3302
23291
24422
221
2934
1248
2831
869
104927
104927
12284
237
78
60319
60319
60319
50318
50318
559
104431
104431
104431
104431
97789
5439
13543
13543
13543
108755
108755
108755
7297
192
573
16114
16114
16114
4460
11069
295141
250
48320
1537
347
4243
6370
0
31943
31943
592306
227717
12502
12502
8962
8962
8962
8962
14297
9520
9520
9520
0
9781
2179
1525
228
11798
4551
4551
7404
1477
60394
86198
86198
86198
7891
1468
22301
22301
22301
10708
93346
21297
21297
1989
1876
689498
0
2600
426
426
761
39123
39123
39123
39123
39123
85830
493
125761
125761
7996
29
181
38609
9719
649
7426
7426
0
1768
1691
17545
46902
14608
6674
5032
107639
107639
107639
1637
398
14618
8024
14131
16859
16859
0
4995
3597
794
794
9
8660
1346
23817
22111
3792
1919
1919
9
137448
137448
137448
2318
59682
59682
59682
6069
4749
397
11185
518135
44
4201
6115
272395
140376
1185
5434
56840
56840
56840
4812
4812
29218
29218
29218
29218
29218
1277199
67277
67277
67277
10735
10735
6331
16706
29610
7970
4
20888
2908
4261
32
0
43
6241
392428
392428
82679
107
107
1002
456857
18186
18186
5
6046
80538
80538
54411
5563
2018
62210
62210
1801
356719
356719
356719
31
356719
27940
65798
172923
72732
75354
72732
72732
7989
7989
7989
7989
1907
5312
59374
5698
19438
16665
16665
7072
78
2044
38958
41686
25241
25241
25241
3191
323575
43
193974
71237
193974
22050
16493
16493
16493
28233
911558
2963
2963
155955
155955
4394
33688
28333
108348
152974
152974
152974
152974
23315
2946
2946
2946
4398
30703
8999
236
8378
22962
22962
44511
92381
19734
23618
40394
40394
40394
4991
0
0
5204
4253
6753
80929
235
52088
7819
43011
54524
187337
1303
176485
1496735
1496735
805
1496735
1496735
37004
377
180904
180904
180904
337150
337150
337150
337150
337150
10524
12270
12270
9365
351
20886
56819
69178
178306
4769
24040
40863
40863
6478
437864
437864
375646
208
1101
110278
110278
110278
110278
170250
2548
19587
703
10311
7372
14099
16338
1685
25391
1895
15401
15401
15401
48610
1152
2294
166454
166454
14419
11581
16748
116
53143
10610
121
124730
393
45378
45378
45378
333
19538
878
673498
673498
673498
673498
673498
31142
282
2224
5194
205048
17735
1720245
20422
20422
20422
21408
21408
13
368842
1154
1154
189
3193
3193
4889
4889
0
1363
5404
198
498
23898
16057
6648
693865
693865
1890
3442
4924
28
29
29
2083
0
16402
21815
21815
6290
20011
20011
20011
1
0
20011
7971
483552
0
21195
23432
23432
19304
19304
19304
1103
11405
56015
20060
65248
206624
544
4607
16796
4479
118063
118063
10522
4088
4088
57387
1438
917632
282
2054
242398
6954
25225
25225
14557
543
51200
51200
51200
13302
13302
7222
7222
9150
123
200509
21997
332854
3556
4289
25916
25916
25916
153091
153091
153091
996
19975
2477
8050
2654
31745
31745
6570
2714
11387
210
75968
75968
75968
75968
488648
937
23778
253958
1354
41127
41127
15194
100652
1243
82075
25374
278787
4898
5927
5927
31909
18023
0
25498
30235
2923505
2923505
293117
118
20614
0
13046
2758
10010
4366
839
142115
142115
142115
85195
85195
85195
486081
486081
21242
0
35224
4288
0
6426
306
36336
36336
36336
160
18695
6234
6234
199576
199576
5615
199576
1036
28055
8678
79901
41441
12797
2958
6309
4026
2418
44121
21495
21495
2694
41872
813
17712
44875
44875
2589
53558
313
3344
48210
6167
22168
2847
2847
41816
1756
7161
1239059
1239059
54465
358013
358013
3213
3213
251
170219
170219
25
21049
13883
424
424
846887
1535
2377
796
15216
39191
3709
1510
0
2144
21336
354
1903
1189
0
1407
125573
2437
75789
92613
15698
88
74266
26906
12163
128267
1795
3549
22673
159
59961
13694
198977
1600
574
13280
186721
186721
16
1636
643
296410
296410
3078
135492
6353
18281
212
43333
43333
24518
28626
2896
16
335766
36309
36309
164155
3921
40
2284
48342
24116
24116
410
688
11230
11230
221702
221702
199576
221702
182129
182129
368
182129
182129
182129
11333
7542
4477
1374
342
3223
2364
23076
23076
58937
21871
347
998048
998048
998048
65232
621
4
60754
2584
485
15393
15393
106911
283494
858990
51203
1
979
1314
43843
8522
14621
288371
288371
70686
70686
413
374565
20444
630
603
167055
279610
279610
279610
6708
6708
6708
6708
6708
6708
73760
110
1125
566
29
155907
155907
10973
549
3003
21485
21485
376
590
109211
109211
30782
30782
30782
15267
31
66589
66589
12099
60
11875
11875
5291
16
23533
55517
1
6748
623857
623857
4347
5577
28578
28578
81020
81020
3110
46201
46201
30094
30094
30094
191387
191387
47596
3773
3773
1071
15276
15276
238
6124
49
5824
32012
32012
32012
32012
5541
1385
227474
227474
227474
227474
227474
227474
69715
85227
85227
85227
85227
85227
308172
308172
3267
70822
56016
1569484
192
410
46359
8717
1306
39367
39367
39367
276
44422
368960
8482
2340
757
757
757
68372
7561
11377
11377
96
594
20721
466
466
19371
19371
418
19371
25201
2935
24136
5050
18547
18547
47659
47659
16057
9604
14691
27244
27244
27244
27244
1038
1224
4059
9915
36659
1
38060
12683
1458
0
2102
5562
15565
15565
714
9442
3089
10389
1667
224889
224889
38175
224889
224889
224889
823
259937
529
259937
57964
57964
59030
19976
204
122398
1235
172399
2653
25783
22469
16423
38347
8458
8458
8458
42722
189312
189312
279
185871
185871
2248
38407
5267
2646
2646
22038
22038
100931
100931
67825
2687
8112
10551102
10551102
10551102
593
1416
57
871
28
2126
2091
81256
39389
81256
81256
81256
5283
23248
2344
12466
17618
1136
2397
2397
170905
170905
3165
3165
10989
3287
215748
59645
40694
15340
15340
0
818
272
2008
20150
882
11
99
77
3775
15873
70856
70856
2987
2199
907
289574
289574
1352
289574
132696
26947
26947
21791
1160
16789
224125
664
1903
1389
342
3095
463431
238
8553
10290
83840
83840
83840
83840
6710
6710
5600
4489
2530
2492
30705
30705
2473
6196
47230
47230
19680
19680
19680
643
6304
6304
5030
5030
5030
2417
8406
8406
8406
2086
442
31018
31018
329
2734
2734
243
302267
302267
162644
45049
994
0
141
2641
0
871
531
531
531
2940
2940
1512
4624
4949
4949
5988
5988
5748
11957
23177
67837
15839
4773
45019
2288
215095
215095
8333
24999
103414
28578
28578
6766
1795
1009
61853
3738
152437
255
255
8506
1590
18019
1582
1841
887
9010
512
866
22469
27
0
32478
32478
6609
6609
19955
55288
55288
55288
1979
1393
32755
852
5075
22655
13500
13500
13500
111
7333
10185
133072
552482
343
104445
104445
104445
104445
104445
260099
260099
2082
37801
6101
43245
43245
6910
43245
43245
22963
610
176
22963
3908
118207
118207
3436
15314
390
1436
41117
0
76446
20269
8244
61
10577
108788
108788
5069
11603
11603
11603
11603
4576
17275
17275
52532
1224
264
1908
26521
26521
26521
1401
1401
284924
24134
29124
1290
1434
483
2734
13811
1213
382368
1376
22014
22014
4098
6520
6520
2103
24642
24642
0
22774
7119
16538
2743
1080
10783
1227
50043
50043
50043
37377
10620
10620
8590
25098
6517
38440
19314
41977
7173
4299
849
28825
37657
4320
725
5455
20700
2856
1468
238066
1
2454
671
4016
1176
1326
7436
7436
27169
27169
1542
11569
39097
39097
39097
443449
17959
4537
6621
6621
3096
12198
599968
406
13587
0
87676
87676
5122
85197
85197
432871
432871
13581
13581
1428
7920
2785
2785
109
4996
7739
7739
22213
7216
41385
41385
27220
0
10154
104503
6518
9116
2676
5163
752778
7626
7626
7626
9616
923
259486
66314
66314
586693
6875
525
67
2
30320
200366
200366
200366
56360
29479
627
17564
635
14985
2614
35
19184
2197
217
2106
1
163
77212
77212
199319
3295
3902
115609
115609
4839
113106
0
852
2593
105801
105801
15623
430665
430665
430665
17504
1004
23230
58351
58351
620
4250
4250
28000
1544
331427
331427
122960
331427
331427
10568
1104
8225
0
660
660
660
89536
89536
89536
89536
15555
89536
89536
246139
246139
246139
1104
17667
17667
49600
49600
2096
1
440705
24466
616447
38385
393
13718
16421
27608
27608
27608
85489
53878
53878
65026
4132
44692
44692
1315
105249
1357869
87950
6730
4175
55
87091
87091
87091
119
74501
6073
54718
185256
59397
179
65
12771
12771
12412
223810
82604
32
240
62318
59771
1378
31901
31901
44453
12869
6822
51819
55983
55983
55983
1
55983
3314
2003
0
14342
2533
81
284413
92000
12341
2316
908
15297
15297
13556
183
13413
137024
137024
137024
30400
30400
4675
26430
0
6143
6143
0
43515
1576
38665
38665
38665
230
1580
0
73608
73608
113674
75689
2588
12214
11508
22
203
7
29130
1803
3131
6993
6993
27131
29603
51789
51789
214
180
33334
767
581
29022
94232
94232
800
53622
66859
2378
1407
139
4920
4920
5755
5755
4150
4150
996
996
8191
17075
1951
8042
1951
18121
18121
18121
21388
0
3665135
3665135
893850
114250
114250
32516
2002
31860
1449
156369
2053
19770
1948138
30619
30619
1948138
4586
9
0
6069
28
279625
279625
279625
8603
190357
0
95740
172909
55645
12377
576
165416
79251
79251
2256
93674
35145
219
3004
3004
188
125
15195
151512
247
108831
30075
850
2116
2666
60
720
22
45354
3649
31847
31847
1453
1453
60133
248725
248725
248725
14188
23
277
301111
56
139219
85252
65633
1004
3856
214766
15925
139328
100994
100994
100994
555
2460
30758
30758
232
8438
181
1864
294484
294484
4
1586
14350
18125
18125
11975
11191
34173
34173
81402
81402
81402
28658
5258
5752
5
885
9731
1740
1740
37782
37782
30886
518
4573
30804
104741
50601
50601
50601
4635
100572
3020
3020
12762
609
3566
5
120
223400
223400
157670
41340
142205
3
10735
0
476173
3448
2711
2711
2711
2711
44347
28600
28600
720
13
1489
5493
10847
14819
7239
5728
5728
5914
7291
1303969
165566
1076
8685
8685
8655
8655
22460
7397
8771
296210
296210
9432
472150
14235
14235
