9244
66342
2729
207203
19485
56647
99313
2
6654
50591
66485
16628
3253
5134
118537
93869
54781
613
196327
18314
0
77893
126207
536360
51515
7271
47900
219101
64276
23470
71423
224
1611
5090
25740
598
843
27912
184992
30170
4556
0
2613
21341
6016
10040
86198
3940
13099
292
64070
29315
8418
1469
13144
25371
15858
1814
398545
43130
6606
392428
4074
4237
36
1907
73
183956
116079
4253
1680
67316
29897
532309
84115
31142
1242
86605
33563
16526
1767
35655
16298
4744
56415
539
30576
5544
9988
17889
22914
82075
19047
28903
10601
17263
44121
2589
35464
7898
39191
55635
3234
6602
164155
0
18037
4
182129
100587
195
29382
62270
9288
16634
106911
27683
2983
108659
24290
167055
1503
147324
892
19982
6748
28578
8717
10935
94000
201
38407
57812
13896
44148
19899
7291
19407
505
68
3080
17864
195498
15454
103414
281646
355235
5776
91807
7621
170612
6910
43245
10236
647
53661
19758
276
62852
4
12198
752778
113106
1063
130125
6622
1004
58532
128261
246139
29534
6156
65026
5479
339972
54718
1
43555
92000
666451
241402
94148
1154
9424
279625
148091
20442
20265
279
9645
100994
6262
104741
50601
63015
2750
172812
5266
439360
5120
47340
21194
0
1735
10825
110325
7680
203129
69294
108290
625386
11710
12898
27904
37672
7919
122960
4649
13051
27758
11751
39892
110186
1004
61
32658
7546
2852
121804
15303
1944
2122
13484
5081
33021
42862
2623
8836
60182
7565
15244
216662
47861
1
28711
9545
138
28127
105598
1719
3328
369782
272395
48967
11802
2635
87293
127327
545
716
7479
63036
22050
92381
13702
3718
67316
187337
279
2023
87524
89075
178306
4623
7841
6437
7372
25391
4017
207669
3001
10402
4404
20667
10091
5204
569
233723
97915
92296
10034
30235
16691
53502
199576
44121
315
1645
41872
2589
13169
54
3415
44
4373
335766
6493
93518
12094
105832
3173
9453
77480
50751
167055
155907
183664
51
1735
9604
1224
123
116693
6545
10
37047
39363
54833
170905
2884
702
26947
13659
19799
4904
558
7333
26656
133072
85084
6028
22679
14586
43245
1917
3257
31376
7609
22541
1190
356717
8599
7119
16853
39262
37657
27220
19036
7990
78152
200366
82260
1676
2
4839
19800
122960
62560
23110
12173
59771
284413
967621
1920
137024
48
60272
188
113883
1295
94148
312
14190
68840
1644
46315
97366
250638
3885
151512
2553
2214
99277
214766
105
68057
50297
39852
100572
69996
10847
132469
215037
288465
1324
344
25571
7336
1
133988
5882
12898
6118
15283
684
16628
203
77893
202364
9903
521251
35328
145603
826
218712
31943
1526
1398
4768
233227
24021
2643
17909
493
1469
9545
1108
369782
398545
229
87293
16202
87842
6108
393
392428
506
210
13102
55
7072
64154
24131
428235
4394
16905
755
69
19
1265
1671
59060
7372
673498
1336
604488
7574
2161
56415
10522
153091
3554
233723
2237
23778
2923505
69908
111157
8519
25
46994
230
5334
38471
44121
48210
6167
22168
1239059
3355
12219
46397
33717
12163
45681
186721
4605
335766
24116
93518
997
106911
17014
187
288371
73760
4044
11916
7
42937
8600
1490
172399
19789
3660
778
170905
202788
31018
288465
302267
30115
159724
269886
3799
186120
32478
16828
5614
2512
10553
76446
0
52532
2577
11518
1
6914
1190
7581
119798
29971
8636
1551
32372
14865
3870
35892
66314
200366
276958
77212
128261
6168
19800
10282
2811
2295
73043
537
65026
83083
31901
763991
6502
31435
131980
137024
66879
722470
14568
43515
60272
666451
59191
70958
3989
1760
57702
31573
54554
19521
172909
44456
8239
3065
8117
1440
15110
1646
56431
2535
21427
81402
1013
79285
50601
41340
439360
439360
0
71
1658
143528
21713
755
150916
15099
148326
763991
78841
104669
40653
298822
235881
5019
520186
4248
536360
1281
30980
141491
1527
529016
5337
27054
37681
4823
6013
7865
119343
4550
34899
64070
80759
216662
76236
674
8611
13528
25371
28285
4984
14
87842
64154
112414
1076
15925
114534
3441
112005
88390
20791
18045
323575
14984
27291
428235
5849
4981
6753
2398
2141
3252
115452
6320
45378
91247
63000
67809
933
23432
11105
21083
3333
233723
2923505
6426
129014
44121
22249
7546
117
54465
170219
14
15698
18281
26
7542
1706
6493
106911
9213
1
26
14621
288371
167055
331
279610
3122
37850
1590
6032
85227
257453
235881
123270
16423
56213
68364
77048
9892
21519
19899
70856
8976
7124
30443
4942
18821
22065
18022
84812
1669
574
7506
32578
8976
283164
91807
22679
34709
2577
284924
29124
1703
16744
52
1672
4098
53661
13739
39262
88648
4918
4103
5163
752778
64351
2028
1068
82260
10037
43943
17564
1173
1640
40
906
53878
65026
87950
339972
6
87091
6100
83083
8314
640
716
171488
6410
324560
12869
124781
88329
13847
556
94148
960
548
21388
9424
369697
152708
274
45353
45354
154208
99277
214766
725385
265007
17583
161842
439360
1
476173
1303969
3249
17496
35911
13666
16576
203129
42737
40298
21299
763991
23096
73663
395
23187
46828
372
154443
91537
4904
4577
72141
182608
238
1390
1303969
83538
11988
3378
30170
25286
104431
5060
37911
86198
179
3652
648
16861
64154
112005
54411
54411
62210
193974
911558
911558
108348
23618
26302
80929
755
180904
180904
320
337150
228061
124533
18252
4769
102375
532309
437864
249
67054
85198
23432
166454
124730
673498
673498
11372
34450
34450
125440
2660
483552
483552
9889
4943
111157
675
199576
15784
5494
431
2511
1239059
1239059
1429
358013
3274
1903
149066
198977
4373
278
335766
11230
998048
998048
21311
105832
73760
3090
246949
3152
79
27
76236
48101
9199
1224
748
2
42937
54973
42901
259937
193974
172399
153
170905
5436
11673
11926
202788
24193
45019
3712
12385
5968
189181
4918
352
118207
118207
34298
5069
16744
1317
9856
9856
4463
475
166
62852
1539
3096
432871
26234
104503
37190
82260
420150
17200
199319
128261
128261
3867
2597
27608
2925
87950
185866
18359
223810
223810
34585
5020
51888
5180
92000
18402
3440
722470
26430
73608
94148
7827
98492
621
29128
31573
52757
1722
2668
60159
19285
163195
248725
248725
6603
10946
18125
725385
132746
265007
11941
69996
25886
1303969
1303969
20189
65007
36718
26263
186023
1183
15283
393907
20006
202370
149932
25722
1844
93869
274220
40668
438
154443
11053
202364
227799
178851
47900
14844
37965
1390
556654
1383
824
6509
11209
4348
5740
22770
1360362
24021
33244
21145
3
595158
31296
897
30103
11549
30358
272395
98436
39779
191949
30275
7479
54411
13102
88390
356719
3475
41686
18045
32564
14934
964146
6447
16905
4764
9102
29177
58939
52219
3990
4608
9365
102375
532309
115452
25391
1
127528
1258
56015
24992
8439
153091
1631
4708
23778
23200
28903
19053
27834
41872
41872
14727
7161
21049
42673
33402
8864
1915
51715
131917
100587
14367
15393
858990
23018
14936
155907
47465
8430
46201
69715
15452
1569484
15636
5010
158077
54973
23646
172399
1675
30705
14734
124127
6017
862
10504
577075
355235
186120
152098
3410
2082
3052
170612
10201
52532
14544
5935
8369
119798
28834
10620
37377
66051
28825
109155
1257
85197
6351
66314
127528
14984
113106
48889
1226
6168
331427
1775
29926
24669
2082
53878
12058
32463
28836
62318
31901
2462
946
10623
26263
666451
4051
94148
98492
51789
68840
18704
29128
70858
45267
3953
940
16672
190357
67
4088
154208
50297
81402
39852
2455
30103
9547
1303969
2400
103435
476173
3542
9099
19664
132469
82497
105832
33218
66342
52367
0
69983
116536
45824
1465
1070
150
150942
18316
5598
39596
6256
211212
10939
82527
9608
8467
125761
1
590
143668
64070
369782
518135
124127
281646
284413
23412
53392
20933
13102
356719
59374
3708
3138
27104
160840
27291
63036
177658
30703
72021
4677
124533
18171
66174
6435
11105
13041
12224
0
23778
205010
29336
13087
425
198977
62
1355
75151
82527
23076
12236
12668
183664
29703
964146
170694
355235
186120
83735
14389
2460
4913
46359
20953
284413
1208
6305
4447
573
13627
4484
38060
55853
2299
72088
152673
125264
284413
177729
55288
1927
856
43245
6
8909
7111
4098
287518
685
1539
17169
6807
2
46828
205010
23076
66155
229411
43943
8225
2487
24669
66155
1895
18886
51888
27130
967621
3224
113883
94148
27131
53622
15732
70858
108754
1692
102534
13111
795
19662
8793
60133
5120
8675
456
574082
87
5672
81402
21735
103414
17744
5120
265007
16648
7305
30886
259895
90818
104741
3398
6757
172812
41340
439360
42829
147901
8425
284413
295992
124805
302267
4323
163085
25571
1966
129231
12815
5227
35175
170694
8335
77355
19699
17545
355235
90495
63619
68840
107856
2648
132469
17972
81115
15433
134
11221
1221
17278
82543
19590
250638
81402
4575
3618
12350
2944
6507
19212
118537
372
350
6531
3348
41660
67463
327
1535
34701
51515
219101
529016
18
83538
5238
3932
4939
15750
29011
4348
125
21341
44238
1982
10897
301
24021
15584
2223
6318
7546
89068
52532
5868
3545
2160
22482
392428
68668
32723
11740
12899
2020
68668
59374
55645
62
3096
957
911558
116079
18139
574
58939
10176
53938
337150
532309
67054
17852
8435
124730
577
798
2169
63000
6648
9497
76926
35655
5603
67809
283
127528
206624
4088
25225
7336
4426
5544
9988
1646
15
100652
132
111157
1418
494
54094
13087
7875
16163
1426
23
422
15758
1800
11464
637
10847
335766
183
20
19473
21059
13544
18123
623857
99533
191387
15276
176919
219101
134
38
129231
8547
1110
227474
69715
6305
37221
0
60958
3089
57636
94000
42722
77048
23248
59645
13300
1235
44148
14756
20791
1875
6759
158
3854
159724
11469
45019
185864
59
18163
3886
2577
528
1074
52439
1376
32365
110
166
1045
4037
239
1448
14353
755
10742
752778
1154
19184
24070
5268
31
331427
5731
0
15452
26928
722470
13868
33334
1502
47883
2950
1864
11975
8022
12631
9143
9143
295992
3008
3008
35984
56014
40816
215748
3195
14235
43868
102165
10967
2583
176919
7450
40646
190
5134
118537
1416
39509
8383
3002
11053
520186
1
536360
2178
55349
1535
71423
34882
305
47
7080
24981
2197
36
21145
64070
107639
1896
518135
118563
98436
12381
4647
39779
96825
63713
172923
6
8225
35413
63036
14405
193974
14934
10138
176485
5534
89075
18149
19538
31142
35422
13
12031
163980
51200
288371
17604
13046
16691
111157
8519
10817
1297
8722
5334
4454
55635
10
2595
2595
33402
3234
15698
74266
26906
815
0
251325
296410
410
129
8676
29
7963
15393
288371
167055
183664
1511
21042
623857
46201
6870
53615
147843
30793
94000
37047
54183
121
215748
3221
9395
2576
83840
288465
98910
45049
30115
15898
13178
269886
120084
281646
7182
627
5692
4141
14739
598
14
606
3002
18163
52532
26521
10225
720
47155
8304
16744
52
84
32723
354
19314
1
88648
77315
399
1124
43943
12757
11590
0
122960
331427
5188
15555
448
203
87091
854
640
1048
59771
1854
66879
66879
24243
6143
6143
89758
68840
15732
57702
2230
369697
1341
37
471888
97366
95740
95740
172909
15129
208
165416
13039
172948
148091
55814
8728
88700
18320
574082
5258
20939
259895
10900
103435
295992
129231
7130
136202
8132
21713
127254
356
24341
29703
150916
110325
306
9590
17666
51541
14173
5119
120896
763991
13277
114032
104669
298822
180393
39980
216
18119
324
227799
67377
182608
82497
2523
71423
14166
237265
99
34882
556654
72723
3302
60319
636
279
14297
14833
6292
13099
5161
60182
2729
1445
13963
2173
1089
25371
43130
12899
87293
10073
6108
716
6813
88390
356719
809
38958
911558
4394
11
664
4764
80929
2244
9388
45449
1518
2661
532309
22
15401
5194
86605
339811
31808
483552
242398
200509
5209
25202
23260
638
3326
100652
1796
2923505
9153
35
2377
368
31763
59961
15644
14367
93518
4844
89075
19473
132018
47465
23490
9043
147324
118163
32012
68322
2118
60958
38060
11318
77048
28621
327541
43854
30443
9817
17096
969
355235
537
3483
32478
10467
83291
12162
315088
44863
170612
1618
43245
284924
4098
3651
13999
13467
37657
20700
1083
10295
65180
66314
78152
1104
5254
7652
12352
10569
29534
87950
558
339972
32463
68921
9627
171488
2612
51888
12311
22273
0
6502
137024
73608
22327
5089
75689
59191
40684
6879
95
3277
33528
14639
124715
11492
1588
30959
31561
939
48813
100994
8
1132
93
81402
725385
69996
702
5620
295992
11529
129231
40816
