0.790301046694
0.62639881917
0.808000426831
0.819711487868
0.752664573371
0.665349965607
0.735521886206
0.807074080301
0.819202620606
0.736694808091
0.81190234736
0.804507178327
0.75386625491
0.761746411068
0.728983497453
0.751594316003
0.771164800093
0.860595950543
0.860811851786
0.876109950931
0.738047843432
0.826531893704
0.765093867748
0.759679826957
0.744096691214
0.761629567163
0.757887618713
0.725224236661
0.634930888059
0.784368013803
0.86155259886
0.726462130662
0.851808677604
0.776551317637
0.782109913527
0.847757766342
0.893839776119
0.690378087108
0.797951294162
0.761915824845
0.840478701287
0.820310197467
0.690039452026
0.851631773947
0.873693237711
0.685552450161
0.820000145496
0.828634783898
0.834254506041
0.845926306861
0.790304616882
0.753583019992
0.716086183083
0.838726621093
0.796030542292
0.770694169907
0.683306196433
0.723003071043
0.695013381457
0.824818040168
0.692822311238
0.790465388044
0.722714299281
0.832154218647
0.798829751893
0.838661691112
0.771319014475
0.677780182451
0.891313152626
0.816938486187
0.841148334667
0.792561817533
0.804559849874
0.787320567941
0.729432544127
0.847737733464
0.826451922218
0.656046433026
0.838811349036
0.713495778845
0.64438468701
0.706589476161
0.77902028977
0.825130759944
0.634015086072
0.739731561677
0.750535625406
0.863567158895
0.791543752885
0.662797602403
0.730987778673
0.63258080294
0.659459445603
0.767396823273
0.731761235512
0.759496186742
0.666945059104
0.865057816764
0.801135724019
0.799159408584
0.832784986935
0.644396559287
0.772174981983
0.77185613783
0.785600921992
0.824765629977
0.811431311374
0.782245847221
0.817396790573
0.77229065245
0.823524532592
0.80939818745
0.736647776245
0.755325601692
0.672783788653
0.835767007182
0.831943692607
0.872653377194
0.849997327256
0.786079428471
0.849299273041
0.816785105703
0.816883643729
0.759788185835
0.857109767846
0.807278840985
0.901921988912
0.756555779447
0.743733935888
0.822898014545
0.789719809538
0.763193102591
0.840370822254
0.908409377824
0.881594038914
0.867405307517
0.862345107013
0.720078426437
0.803416727168
0.603207491806
0.67915028506
0.857388194626
0.635251750166
0.787847624
0.705638937613
0.812768350393
0.85198199335
0.804768836268
0.683629318183
0.689169176393
0.857456834743
0.814567561248
0.805875750456
0.780635231324
0.786458204456
0.701623771529
0.775441192789
0.726215035114
0.810961826915
0.814994411729
0.79988189727
0.804007580415
0.813477713236
0.753011208637
0.787738815128
0.60587325967
0.756878367997
0.747563562593
0.839447146661
0.734841105418
0.624564050356
0.835368266958
0.808183974012
0.835807940725
0.690710875389
0.771945143161
0.611638055585
0.724702159554
0.77562406884
0.781421669387
0.817622587278
0.812639525539
0.765964889593
0.836415502349
0.820396674376
0.658682370183
0.776652888551
0.821110709153
0.800175555983
0.79228413776
0.844193955093
0.788872190322
0.667375848027
0.782252452757
0.798132700253
0.755998765349
0.56247080686
0.732387836169
0.788073961724
0.861932986677
0.847360700968
0.444864838389
0.694221610346
0.690687565399
0.488699359232
0.449387874279
0.772066081901
0.567939825864
0.575927942591
0.693586798345
0.695519550571
0.703205204157
0.607617833154
0.616843463878
0.464887815495
0.644073397323
0.828039484637
0.483963534767
0.43263862178
0.434421214261
0.388842257017
0.312398205198
0.41582649524
0.668952328105
0.533767596509
0.560773715881
0.831689533043
0.6482769733
0.503178120381
0.614627807721
0.474902552972
0.528640894393
0.551729314494
0.422045027542
0.420907204061
0.499740040384
0.448616482723
0.710214214341
0.596502010513
0.659403509302
0.7065263602
0.73416867562
0.571061284526
0.584631584956
0.7057859718
0.635061556349
0.524990987262
0.598577577485
0.593956190925
0.734285401352
0.511966878684
0.458270585869
0.683703017339
0.600076616382
0.471336452069
0.505849150983
0.519480720775
0.390647978813
0.581030838714
0.624809997934
0.538016074425
0.423294130649
0.497671044997
0.555578424979
0.704508224447
0.540615269986
0.53953948235
0.4655681688
0.584002507166
0.486934145024
0.631740745663
0.674369468562
0.474247556386
0.632325812726
0.537484577882
0.337658309967
0.80144622676
0.479231604051
0.778471686195
0.718587674679
0.717238463795
0.37523942182
0.558129591492
0.591203205111
0.564066145834
0.517956890834
0.539187903779
0.63729193414
0.653042500036
0.467301100607
0.605699809459
0.660369492993
0.466834593225
0.577769827361
0.600790785458
0.38077792873
0.454923319296
0.476923440849
0.541106502489
0.757135488403
0.730055744967
0.892493724042
0.736101671244
0.483142503906
0.716966917787
0.511227037673
0.578928228788
0.457708122683
0.720371572487
0.530183016153
0.600821101229
0.567312389587
0.51737327721
0.638841483821
0.66199816036
0.386538437944
0.534249607741
0.664748227104
0.804966468633
0.569791420586
0.62009021133
0.587700156993
0.650081439954
0.73208412447
0.635781171379
0.576860484931
0.499309846797
0.426970230265
0.51092320079
0.520135692798
0.586550019026
0.481619626094
0.764063069152
0.548959893302
0.460076872164
0.705253415668
0.578057695688
0.383387076992
0.490386346698
0.474215974893
0.644967698816
0.598588302122
0.531488446137
0.61600590311
0.612266968078
0.434840860591
0.484405702955
0.721102217402
0.525238331864
0.724957640107
0.607772678593
0.382548508368
0.624888503714
0.72260211825
0.613005826145
0.774092205414
0.731763266315
0.701018739667
0.704620834911
0.485469961058
0.463892729277
0.571828896115
0.575457856008
0.621102892702
0.687758911041
0.449128172646
0.505967210837
0.55050693304
0.496974975725
0.761365077877
0.709437480354
0.509528725754
0.523073444806
0.546469309282
0.547853930278
0.582184119052
0.649156458609
0.597434183094
0.592150651113
0.550579020128
0.75521297727
0.645256361329
0.61941069801
0.608962077404
0.382127714297
0.367924866349
0.489075562192
0.537273642284
0.600912359293
0.624233919434
0.551826206065
0.32351828962
0.435728396293
0.560786082683
0.446593361784
0.698777724809
0.533923382724
0.773730504579
0.527849612099
0.491643519425
0.718633817947
0.651297036289
0.905674203356
0.719275311963
0.60711764074
0.896536138814
0.933414685816
0.666485924452
0.846010308339
0.594677020022
0.606109087292
0.67753721826
0.795903789049
0.372169912424
0.746452457526
0.617326756919
0.669092227181
0.670095823566
0.667402290744
0.697085566915
0.560641509607
0.505900038408
0.624828417726
0.801214583724
0.718646290842
0.544696688797
0.73173130273
0.80023225753
0.568976299421
0.674089018195
0.631093471644
0.67842849173
0.698208922104
0.665018335933
0.639606772633
0.653284623148
0.607790326701
0.488399449014
0.478537740003
0.706980756496
0.566681465978
0.760718081846
0.529183582491
0.729664539522
0.724280713664
0.659110093834
0.699957840079
0.673710296175
0.677189295783
0.790319187863
0.674139974633
0.893677019159
0.669624479744
0.710256449226
0.652499969706
0.706017912514
0.743879522206
0.719015567246
0.745179956701
0.605699418894
0.644198632881
0.647745159187
0.636499937965
0.630908284913
0.697335815592
0.625238071598
0.716824848908
0.607980016202
0.468630157602
0.590917662368
0.626183560788
0.668360125941
0.712820984471
0.678771607085
0.597087252517
0.576592460991
0.674262013418
0.695170551253
0.707644630994
0.551246461553
0.564398294989
0.633390477809
0.755755147415
0.541578157407
0.55806762628
0.66923939557
0.69749457282
0.717007340956
0.573766744065
0.728480779832
0.66734775584
0.671335958145
0.505056665257
0.694959730045
0.494294249768
0.614919047813
0.576214812568
0.782153584926
0.787286962708
0.578864217862
0.744314853895
0.623465939717
0.732325512366
0.687212286132
0.556556972072
0.626719848338
0.825144551201
0.441855666946
0.707752182797
0.674470659013
0.57237838715
0.76376890041
0.610379498928
0.58052918246
0.537989848124
0.831109672671
0.513502783962
0.691143257907
0.750630210149
0.705597659659
0.558533925195
0.57120947823
0.629319213545
0.626804672308
0.6330884786
0.601139502651
0.530452911694
0.859652209828
0.572627088347
0.617606661038
0.469689260048
0.689739213567
0.673690347744
0.734413413366
0.694632206651
0.764424878545
0.44366243823
0.649592818341
0.71308545536
0.743357691513
0.630933295356
0.604552396631
0.6711547529
0.681568045008
0.622816592988
0.688915488742
0.648610929151
0.824612052953
0.684108125683
0.619348153489
0.573417639933
0.551587948844
0.725715657595
0.61036288521
0.533267288012
0.533215578033
0.648976216883
0.677517920374
0.630096776197
0.61400981712
0.689923030403
0.711978703085
0.674612896514
0.866302544676
0.612904059191
0.76425493798
0.589560027065
0.614060898768
0.569959119519
0.676931021016
0.573073048485
0.625039817385
0.695458247003
0.527504939453
0.659790518581
0.635468498044
0.653576958262
0.544107806231
0.667042255461
0.635256005046
0.630403672126
0.641041443402
0.582828166872
0.564855944025
0.675923243276
0.67043165847
0.692008122065
0.739545066804
0.574822848843
0.716211400147
0.544936948997
0.46877729585
0.652942086672
0.586887192269
0.700000684475
0.738217645832
0.583863287242
0.603407708235
0.571843487299
0.675866189836
0.702341179758
0.757370626088
0.844536346895
0.604279750412
0.47050108105
0.504128176089
0.381511506369
0.503075453559
0.604790912728
0.431027631973
0.410607435443
0.501932427915
0.589783976004
0.691515577095
0.87200023133
0.549304113933
0.435118455753
0.529514259904
0.434305121
0.481549523966
0.390459851829
0.494030857347
0.567496280165
0.642348572409
0.574034281163
0.557420226785
0.330144938585
0.543632223088
0.638903135657
0.651517687736
0.54382065645
0.573198751545
0.459541655232
0.537216421569
0.490059076851
0.57016987306
0.678073105959
0.593024281212
0.640294261146
0.613551640634
0.498076775037
0.693048312461
0.722057441361
0.490346593785
0.55249932801
0.441405470571
0.683627440943
0.633426442441
0.679604586071
0.451109311694
0.577767678582
0.571883471732
0.564361250582
0.678924714834
0.495373277155
0.547803599737
0.466200523646
0.465601425253
0.536171049127
0.61540390893
0.611282964883
0.431073390989
0.707232616619
0.546388463944
0.623931199031
0.646492869621
0.589968682755
0.74061010065
0.620873188717
0.630770689656
0.691484413512
0.597712854672
0.438626715655
0.587426604195
0.594158113863
0.590863484366
0.617447736338
0.473682397869
0.42344755814
0.48861133367
0.408287043227
0.900290918119
0.510061524007
0.639268813461
0.621950194005
0.5047370588
0.647624131401
0.449409779839
0.57789620028
0.595153543686
0.646702589394
0.533489970492
0.540365318375
0.500653286319
0.57551703588
0.556106164584
0.547961850288
0.526702241579
0.516397486829
0.634362083011
0.660127259532
0.620773615925
0.653424815142
0.4976295587
0.693686354637
0.434923153549
0.576054921269
0.407737373966
0.500198309764
0.649221003354
0.637190679755
0.390840141586
0.681166999732
0.548554034733
0.604602196352
0.498793179218
0.454240516882
0.486682643418
0.790317201216
0.41377917912
0.491814057737
0.482564726565
0.51353762792
0.513603810086
0.472275243218
0.436578811209
0.613420114147
0.499104222551
0.521767159434
0.555128679422
0.541259927799
0.608102307425
0.435932424298
0.46295315897
0.598879693932
0.621182026438
0.558211140661
0.659603316719
0.628974216327
0.556745084182
0.640746765547
0.720616401987
0.495061611067
0.498650763166
0.677493347138
0.597737745419
0.355717548795
0.579966120817
0.685901271205
0.699817647853
0.528489042417
0.491576717552
0.572255352722
0.722447565172
0.665539907486
0.662993072687
0.542284531825
0.714624499947
0.447295744229
0.593824292674
0.616791436772
0.505865388975
0.585894545143
0.523267121334
0.610999446936
0.493161219364
0.477259338713
0.692256128524
0.618442430686
0.595399509578
0.601029611316
0.514325538919
0.476078116774
0.546043650629
0.549165574667
0.507642983233
0.617891751745
0.445260325103
0.595240668904
0.749021258337
0.826149431488
0.619931419406
0.601448085644
0.654229244005
0.466503245367
0.577911160796
0.399159586007
0.422335545092
0.66296201814
0.564974508018
0.628243011544
0.498094361158
0.49329264689
0.509055317908
0.68052737295
0.534761732946
0.550166799009
0.510061764253
0.531101135053
0.504218899093
0.612208095116
0.61721063331
0.645083613084
0.523313317678
0.497476412717
0.598297290166
0.405162041394
0.390215010193
0.373181199891
0.291567813908
0.390680118359
0.393604581772
0.517341601484
0.480148702483
0.453108003684
0.393337114202
0.350158442233
0.539067781054
0.406757021003
0.549764217297
0.403584428843
0.389024153326
0.298343523997
0.290049022557
0.488250663015
0.47123318213
0.938251383442
0.389629116824
0.509746697608
0.420865955063
0.666110709675
0.423789956479
0.203775841629
0.203624036084
0.221298605008
0.640113186085
0.443146427194
0.375864494952
0.496996075981
0.461758587532
0.512717251155
0.497795841922
0.347694658883
0.396006366769
0.390240579352
0.408755956016
0.381626504864
0.457371624159
0.42900287466
0.380485408868
0.402522555028
0.600004323916
0.467665075348
0.375788556355
0.371485933474
0.430735165753
0.330235775153
0.497605502122
0.417286975527
0.383678761703
0.399933215831
0.376103584789
0.423518438341
0.421747789651
0.412133924823
0.387106783531
0.339084563852
0.465889082948
0.432401532806
0.4793095602
0.293436336468
0.33818090624
0.533598888876
0.473528807526
0.494554095345
0.432792322797
0.680108377144
0.539432307337
0.627405967903
0.24610205914
0.458464211214
0.412528209768
0.504099547881
0.430949565419
0.265022573237
0.513006192824
0.505961031448
0.496941072858
0.399534650399
0.411875076405
0.379024081306
0.521189266898
0.572586920316
0.362384849814
0.390846343367
0.519161821707
0.350925111098
0.44260575997
0.361518739165
0.392077472226
0.50882277767
0.578931139756
0.523008062337
0.344836100843
0.317322579635
0.23979981608
0.439964012869
0.452003082272
0.506785227142
0.359889774975
0.301438304773
0.405705369984
0.294136175653
0.298250060187
0.255624821744
0.26544786429
0.387086427173
0.431991844391
0.47672881586
0.378391319796
0.619204534706
0.411875903238
0.669518173069
0.437633354583
0.455600019158
0.514823679847
0.494892562782
0.630296960917
0.378275678493
0.242999616915
0.388675709618
0.517225514804
0.53935621643
0.496911192589
0.512616870173
0.538534957335
0.344226290889
0.452871908125
0.441296546096
0.554281427699
0.526422438543
0.557433581195
0.424151881844
0.430350545801
0.394130499068
0.319647100849
0.384402446246
0.472512214239
0.450458425752
0.309803488122
0.482590115933
0.356128353127
0.41754662086
0.406726793179
0.392339556717
0.415367743658
0.359820916939
0.45054556699
0.325626868625
0.326714353849
0.436861040679
0.442567900558
0.43780005603
0.309214559011
0.571246826526
0.483725297387
0.372731780157
0.546302582826
0.55279906436
0.348764109394
0.487706764722
0.295217220355
0.546766967455
0.412807450506
0.368492732447
0.372224155558
0.628888047041
0.247258814925
0.375286687268
0.301334329466
0.373208668669
0.35382853654
0.402281352647
0.441758923481
0.42720709676
0.245476677069
0.411061289807
0.370654581033
0.366798127582
0.475862982272
0.436727238666
0.360662994655
0.385306010274
0.380768133967
0.565879265864
0.467572220117
0.611138141529
0.38720733844
0.378580844051
0.362661197127
0.448485345927
0.413902569161
0.392311048761
0.45732116501
0.45316317669
0.665792597896
0.717579449061
0.741143486759
0.701480160971
0.584863626348
0.688500447025
0.623204895769
0.646775288656
0.812232763709
0.725857099414
0.800849263256
0.804771762101
0.705140285857
0.696097022614
0.783709530542
0.820301942106
0.837512632732
0.750290171508
0.786279901351
0.797797411078
0.734318213921
0.732510498754
0.733118208207
0.658594778487
0.771321362066
0.738103360398
0.824102524251
0.746517805239
0.678689755058
0.746693078833
0.737804247786
0.843290275467
0.731982598047
0.730401341878
0.779129589806
0.630035866282
0.676240433158
0.742172558644
0.837772582363
0.780595804521
0.676050713323
0.850308381272
0.688002364765
0.74785153072
0.743793688434
0.719510347267
0.656805838478
0.766313790617
0.747712710619
0.742638410219
0.790420019284
0.654686640863
0.767488003137
0.684023392086
0.711808853112
0.498527324451
0.696963629682
0.737294625815
0.637588330934
0.759533008608
0.752983392818
0.782071649537
0.639174745037
0.680567427987
0.598542671014
0.746851566308
0.642392376345
0.777694676804
0.755773768944
0.766264314398
0.611953903766
0.74114171404
0.745304171392
0.719581167157
0.737630982982
0.794846005146
0.610288411782
0.800266984828
0.725493067268
0.521318304452
0.742103154575
0.677812956929
0.818424329194
0.63653333283
0.777538991815
0.66022424706
0.665197269971
0.75547758589
0.676282137629
0.610561300699
0.794559386531
0.688182432324
0.721120622939
0.603203003081
0.726960070114
0.697520250372
0.649231790578
0.620898230338
0.804516206771
0.69026574244
0.617609032901
0.749364055105
0.83671055152
0.737507080683
0.691856126886
0.763304584025
0.756635694538
0.736100080987
0.678802966991
0.684861377825
0.653385187555
0.735053796231
0.721445155881
0.503037288657
0.720608604119
0.815155831858
0.801000949441
0.755128549704
0.814999400673
0.699371409798
0.651771582913
0.679928663526
0.689619583526
0.727286638122
0.735273184091
0.61956502087
0.583032831934
0.569825913801
0.634427246396
0.621851138783
0.751849703007
0.665069003483
0.727237365905
0.654249961663
0.788479153806
0.694669018149
0.752889315364
0.760723048535
0.613172229595
0.765181829921
0.603357427682
0.52898392756
0.648586153096
0.651449203311
0.731071022028
0.572133202402
0.690779035413
0.653073081252
0.782024615815
0.78753669623
0.778386798832
0.615412906393
0.69665447273
0.648354493115
0.711000147632
0.740866061662
0.497117665475
0.815563102711
0.815659882851
0.7988606269
0.763554360451
0.512214044283
0.716542025641
0.679752726151
0.799208882899
0.806951769586
0.831291923773
0.813562260746
0.777745030605
0.729437008596
0.79513657966
0.821663459306
0.818492522539
0.777111229869
0.603426234967
0.708130243719
0.678956733721
0.868030755456
0.6824964124
0.706467024323
0.701504296458
0.76877463255
0.802080797512
0.530421306779
0.707196172757
0.655537463518
0.725068419159
0.674233808207
0.73472981519
0.764633077192
0.522499453262
0.765428956594
0.9166693257
0.94336880596
0.729344125371
0.566290551375
0.803150903008
0.732831488891
0.79198174766
0.795201558709
0.856012478828
0.640092709561
0.607467532541
0.642075935724
0.559585095218
0.613814282684
0.759176094167
0.555829629466
0.673150954499
0.686165489026
0.730685467532
0.5805868443
0.701808702417
0.736291806384
0.6382626657
0.6262754538
0.715314653867
0.692107666069
0.613266368434
0.783274060387
0.9049553122
0.769311716658
0.618229099104
0.692648485025
0.747090526163
0.587493069524
0.702343048054
0.729442087607
0.589103061363
0.66969685656
0.88912093176
0.870921592841
0.89847040489
0.690711175869
0.654517306076
0.643526684004
0.538315005184
0.655151573951
0.63195732803
0.706270856387
0.531850363935
0.575771039039
0.585360405774
0.63844519045
0.548784743372
0.639232857209
0.605765075799
0.644228690157
0.797487568622
0.543140087076
0.771217461394
0.625232395834
0.526171339843
0.680223340126
0.610029014164
0.679634502043
0.618322523739
0.505884269184
0.552567819021
0.607874243655
0.793867956227
0.55181063158
0.717466412027
0.602285453917
0.676763031816
0.487929469866
0.681078974699
0.596940797334
0.711529066289
0.74904726721
0.707454287727
0.926053761803
0.948672986541
0.956348581723
0.947051873033
0.938667794251
0.8711301033
0.478690642029
0.643198588098
0.64003942357
0.608928538037
0.633955025168
0.873603327149
0.708901392849
0.736435803485
0.66281424203
0.624381138431
0.755488960792
0.653558951368
0.612560805278
0.565974945074
0.676905377107
0.56964553285
0.905234978755
0.593213779833
0.85485568226
0.615838908681
0.637853643748
0.659839930732
0.569458588182
0.616185919737
0.5715953331
0.605682690476
0.645755352068
0.70781898122
0.67559468004
0.642493323618
0.636673852333
0.691299900996
0.693787172264
0.859184860444
0.845227095274
0.863380783352
0.850410431381
0.886014196759
0.917456474675
0.628131068137
0.695279412171
0.672722877794
0.643634815185
0.742806062931
0.586979986875
0.684382978256
0.556821928996
0.542140885077
0.654898089245
0.625820797707
0.629809796083
0.732887458743
0.545782133099
0.67331751521
0.704969957252
0.661709054692
0.572666606473
0.54278336724
0.711345980273
0.616423537972
0.625585494347
0.674333254694
0.690944201561
0.690038763737
0.519994737698
0.679176055169
0.525740370844
0.596605255524
0.625107872801
0.598971056306
0.61491914522
0.863113078307
0.885876086624
0.940916502808
0.586271955073
0.637336067641
0.536030996054
0.58835396302
0.569295249005
0.694601387038
0.59947660129
0.586048967849
0.6248207086
0.654410709372
0.483772111346
0.729084222722
0.595794030134
0.570492369448
0.626846840986
0.701486745548
0.653567210199
0.642135440185
0.704119166814
0.850170448088
0.548848782867
0.590140558346
0.896229867385
0.70253532332
0.48077155068
0.566607011129
0.621465197413
0.615993438643
0.906425355995
0.797596882571
0.849348801699
0.596687371283
0.873387936392
0.921481660761
0.913285768883
0.860218384852
0.936432295386
0.564373319239
0.618752243051
0.619518303973
0.522274403337
0.489414938102
0.406026213496
0.535195427709
0.562487746692
0.660796570178
0.611083089943
0.67289193796
0.59310041411
0.759320176412
0.61491914522
0.617682558963
0.788313279414
0.715162386115
0.797615764352
0.807699200323
0.708254161373
0.547473582955
0.746242860146
0.664028407271
0.692608903838
0.667526290355
0.498042335464
0.825615980871
0.641827453083
0.603552560358
0.668900101413
0.582217717951
0.517812697961
0.649464188877
0.606812741871
0.765092671093
0.891928035683
0.742458619833
0.798123838099
0.788487944324
0.751334185274
0.619400425001
0.742518198746
0.727524665482
0.525442247574
0.700027732294
0.615502650402
0.723486211501
0.733182080252
0.684654690631
0.619042013201
0.734905042557
0.718391091317
0.651915745521
0.93473944993
0.638430633358
0.815462928648
0.60362961083
0.603310099692
0.663348836456
0.838615292461
0.901334444278
0.869920094771
0.899466258036
0.887265748736
0.918257724391
0.712725807602
0.911517884785
0.769052011421
0.742906902126
0.829662557174
0.807182952854
0.77459007405
0.781717815713
0.829812162584
0.761297394015
0.79099641087
0.787455925349
0.763837761654
0.617037871191
0.766746535736
0.662201975542
0.729769364944
0.737271777139
0.606855912336
0.691704225871
0.667238606891
0.68445549445
0.526472663748
0.638436507327
0.499976960072
0.674458600579
0.675312352069
0.717858963857
0.729833087246
0.681603456459
0.751245235631
0.745128466866
0.686309643417
0.886641302087
0.678555636573
0.785113064795
0.563155632084
0.66714925677
0.680236298246
0.650691226608
0.570722947223
0.880703027577
0.774187639231
0.734009958976
0.740585530951
0.539847664286
0.751364486844
0.805108549594
0.746540540584
0.206884762494
0.774093286188
0.656784544479
0.652174550916
0.733265994948
0.754719739577
0.80962702654
0.738303241924
0.767271121198
0.752750047562
0.526492506212
0.816897408267
0.73532794476
0.786500729984
0.732677182884
0.736900371001
0.593571807378
0.710292525377
0.893805985126
0.918282548685
0.83558385346
0.766007793613
0.758421337642
0.74113682392
0.68512045687
0.557247904612
0.541156182138
0.772731412951
0.724467939183
0.701590184511
0.812527089342
0.758732978264
0.773894449766
0.591716454355
0.771913745765
0.68373347517
0.784991021718
0.739613602354
0.709448514189
0.762707724463
0.816189418001
0.729227092881
0.68557920583
0.714350297487
0.618338059667
0.766036738593
0.823037564849
0.522168134462
0.845460378574
0.712868897397
0.697652061083
0.829003083573
0.751363023062
0.821227615774
0.788135600284
0.739760191578
0.747834652709
0.755262650571
0.792001242816
0.781015834018
0.673702946567
0.702371052075
0.743318773508
0.676492495575
0.732424627521
0.939605702843
0.91052062798
0.743776926188
0.689166596898
0.756456209692
0.778029747547
0.693266162978
0.727439560707
0.768887104039
0.558756836545
0.687153556612
0.644560281623
0.639038531577
0.868111835773
0.782452071257
0.687161609751
0.743462634461
0.59495074532
0.841732145578
0.763348646085
0.741252131419
0.724177528825
0.734461367166
0.438978061423
0.699724294764
0.78065493081
0.781567356162
0.746738356198
0.559220191488
0.659297808402
0.802920694126
0.757430836795
0.664327250436
0.824319496232
0.669321299416
0.755164126984
0.536903679578
0.401090890762
0.457227327404
0.355497501402
0.461787189435
0.439915094669
0.210434484396
0.419582476302
0.443398819171
0.339110482991
0.523397968733
0.432050856764
0.491480449978
0.378746612256
0.428099627933
0.395397848577
0.421128583343
0.529124191938
0.468519165045
0.504768503823
0.434017640692
0.530433724534
0.483947060575
0.519528672053
0.437611735749
0.499871990652
0.645543227852
0.541177631933
0.550365224755
0.497373561189
0.468341945105
0.603113478649
0.366846142056
0.466818370903
0.43849324937
0.377076074549
0.583391576604
0.454147674089
0.434214508589
0.422467905195
0.376532838392
0.495138263
0.367908349075
0.397264988953
0.349076275217
0.41506789467
0.305008379229
0.367986222715
0.412200236365
0.602218475066
0.369142568767
0.498179802347
0.445687429616
0.623293330352
0.554305698173
0.52267649072
0.562414446589
0.379656262287
0.347467998925
0.423873931197
0.49093674664
0.852284507855
0.444385008012
0.517618134973
0.399666875996
0.557017277687
0.572041288772
0.387674709586
0.479138133297
0.398256572248
0.485111660098
0.440175345155
0.347068339986
0.359938116416
0.36458685208
0.379727402282
0.38442790231
0.422207323882
0.406846085536
0.431649519344
0.324933793524
0.338864892945
0.313385389994
0.303813673218
0.514850388332
0.5091197886
0.357894736345
0.477643346921
0.529624600877
0.41104135357
0.595433298591
0.457541249021
0.553352446217
0.562045319769
0.372162503287
0.430652671287
0.479622681342
0.48958522929
0.292157413269
0.347965835198
0.531889297802
0.354839020628
0.301122099317
0.439928528165
0.369670753287
0.501923646674
0.432470994786
0.405805851366
0.611411424548
0.482692385023
0.540753934214
0.497562808944
0.54288075122
0.476161334653
0.406189039387
0.350082482677
0.506269837014
0.362403718379
0.504334805333
0.376324003718
0.551956094717
0.608933176
0.426374297547
0.554591498474
0.475017164986
0.513006108906
0.307658202478
0.392494204428
0.295872385278
0.477674435085
0.646997615898
0.62429306386
0.374410732227
0.611002912355
0.562861471887
0.525675290262
0.526600514459
0.654501742722
0.428234874
0.58988963967
0.36722558401
0.401719552285
0.365123701945
0.318971292458
0.449482990768
0.375093142588
0.497038724043
0.466586148436
0.492914851703
0.422170976507
0.358055305274
0.519666991618
0.399130291611
0.499869867077
0.371409375456
0.519166538287
0.467764160674
0.534885482455
0.482402369313
0.519312246628
0.310228780326
0.407306897653
0.374944859861
0.461536381942
0.391809280247
0.480905242695
0.460365130832
0.414789637865
0.459019127387
0.446400620129
0.484710333754
0.547600284953
0.655793785831
0.325405845819
0.445325322584
0.392262335349
0.422791599879
0.27163873412
0.612391160439
0.351676972257
0.373064824587
0.322391413937
0.271123663632
0.374566492024
0.209499366475
0.241314268003
0.457555195353
0.419761541464
0.388579983814
0.512511571769
0.421878565096
0.424155701798
0.467547016118
0.538579861071
0.444850830345
0.31469247552
0.401344684146
0.490021028345
0.3429403558
0.42743688659
0.362163537497
0.621009450733
0.535953400403
0.572485725435
0.457773108286
0.506293967634
0.553285535188
0.5562642044
0.338733482669
0.541479262975
0.4166280131
0.605301338086
0.346394411017
0.426458610333
0.436731111113
0.415196651488
0.612167761971
0.554796795634
0.444545654643
0.352543315597
0.617100580222
0.308046489404
0.323607580054
0.593650472821
0.364293663992
0.633491008625
0.64760451045
0.468374183611
0.497326206258
0.650403965289
0.671293022319
0.6227557353
0.676222600141
0.624321316675
0.630578226278
0.645389011112
0.66050716093
0.664561361559
0.726111940869
0.658275915022
0.615359528539
0.59652990671
0.480919825045
0.607298837987
0.593514918686
0.578118334637
0.748115866785
0.700002454129
0.392950783021
0.644828761801
0.650888368353
0.40645178701
0.4337237498
0.567734943358
0.598324817655
0.391323955794
0.507842370314
0.576365100546
0.693674864164
0.53018824493
0.554579681673
0.679097326503
0.651156443839
0.491088295783
0.696282144567
0.670081449632
0.522597982236
0.547865117068
0.61690030191
0.557154679062
0.646613675436
0.591522244581
0.684292333782
0.63642397209
0.657100330449
0.528235349361
0.551858178888
0.673214340727
0.529941461928
0.508393384529
0.407901180587
0.622178688797
0.618079618225
0.63320053559
0.414666027215
0.631927979931
0.617405182782
0.729451138491
0.684543091136
0.68372798502
0.660361249611
0.629463670535
0.497622958891
0.636960525191
0.694515538541
0.586555061753
0.692732898139
0.493041895323
0.641462716153
0.508015147267
0.587619630788
0.537083681079
0.636896205627
0.523325244456
0.621031260859
0.445196053179
0.575266319909
0.622742794317
0.717759859029
0.685125111559
0.66016837692
0.707811444984
0.719951946992
0.571086437599
0.545261459146
0.674529894275
0.60333135704
0.605459963108
0.413109183758
0.70476164784
0.634394126223
0.624564968446
0.514888570634
0.499585523816
0.692677655595
0.65642643997
0.60957975335
0.627551196129
0.723953989888
0.390072409549
0.616540252019
0.665229364369
0.63780264742
0.52963591104
0.593843336492
0.638598202855
0.558563409759
0.667190051594
0.678642238858
0.565253662572
0.529194177981
0.499040278173
0.491978157891
0.620926318832
0.485165525714
0.44117289371
0.619853002067
0.497354063464
0.6395815213
0.519496637246
0.602248236196
0.545912787438
0.731555091218
0.618405413232
0.643289160029
0.525390483879
0.535813977975
0.613873717606
0.519484038097
0.586158609752
0.605755331033
0.683907399055
0.488045198139
0.644292573488
0.545679114588
0.546406829396
0.536514439649
0.546836208101
0.593595613664
0.412073684361
0.557016467041
0.486495242022
0.468347347778
0.423056141569
0.623855256448
0.530412776041
0.741254621319
0.54148111121
0.704974793494
0.661271951519
0.592318602015
0.523352108663
0.453526242842
0.601520779661
0.475168203289
0.627876658055
0.612892385527
0.593958320038
0.658259194937
0.537397146459
0.549091775448
0.500819494377
0.524257144708
0.712141662956
0.555748680118
0.705275329386
0.579094286177
0.503508299301
0.477403721131
0.545881491665
0.642999078933
