0.596265872787
0.413207910207
0.425328167561
0.590545816179
0.464467423696
0.467480543989
0.579940783924
0.608457179463
0.600543833784
0.730875428877
0.622628880551
0.453491147452
0.822598076121
0.747286460566
0.680139852242
0.786475185226
0.566590467582
0.692247655685
0.796697326625
0.723142213741
0.690756054929
0.827499195162
0.361962220086
0.588135401113
0.58115913005
0.706764574708
0.601513552889
0.542219948517
0.77754157671
0.607796318035
0.499173349884
0.733480638004
0.565312979069
0.518271836938
0.653070983974
0.672597294263
0.634477143092
0.650652910837
0.646833173109
0.729704161162
0.769316390353
0.555952276116
0.641480739433
0.620861289734
0.740463515332
0.535555586817
0.693663600895
0.748149774896
0.362378373601
0.612319678056
0.784134497342
0.685320959576
0.706585162484
0.636150591904
0.410787327693
0.587272446824
0.452361024744
0.582576431231
0.694337197978
0.791128581099
0.487193666075
0.805684731792
0.606243192009
0.839206102849
0.725048063801
0.573111199229
0.625887244389
0.584379752531
0.369047436986
0.333693972764
0.425657656228
0.51555050644
0.505064699681
0.81725315036
0.572400376593
0.742634916308
0.80676974365
0.717883535196
0.624764118942
0.591678543237
0.630121446239
0.802372804464
0.542715057306
0.295476096118
0.573649967221
0.586152310129
0.479365554638
0.552968373394
0.731333818172
0.665939853894
0.519689799831
0.511768716695
0.663094844003
0.709870621454
0.690608255435
0.57983342202
0.759027824371
0.611922476337
0.546532817499
0.614465473749
0.698369766362
0.449058169983
0.646520871883
0.55211516589
0.673732772506
0.569262421398
0.750373854255
0.398735038981
0.781206679649
0.63125738106
0.5782337491
0.700744587071
0.714566180143
0.533335202287
0.466165608928
0.749554204983
0.826212230028
0.461453742469
0.641089205862
0.564195507165
0.601624212306
0.744296237049
0.766622452053
0.672076742176
0.741189419579
0.629983681985
0.298382577504
0.501701336956
0.657414578482
0.585186952977
0.453985559152
0.529612513395
0.633320334084
0.599266821137
0.601459461855
0.758650259211
0.4253434836
0.695110182781
0.701445549336
0.662512456463
0.65995947595
0.296532639178
0.608177373177
0.756614534383
0.439360793813
0.347872079927
0.479254330476
0.702853691373
0.726897798418
0.685634294116
0.462036833951
0.572756844173
0.690823462547
0.588383156117
0.538476725226
0.612392198968
0.590622761368
0.647531703119
0.351221717094
0.562447711887
0.510791884346
0.793099239398
0.77310762771
0.669003702886
0.555393881635
0.614682394003
0.649654196989
0.523640059551
0.760892718125
0.831125689653
0.764782894447
0.751128273319
0.755121116273
0.592764506973
0.449616007857
0.497398714381
0.780847250407
0.583928481753
0.603450204273
0.792273060152
0.565776252292
0.792705374991
0.81738043944
0.768669892046
0.799285172873
0.669148772891
0.674864917969
0.451918686353
0.685374410634
0.584926409176
0.575144460585
0.507988650641
0.762331584705
0.590840320573
0.641183859723
0.794176435069
0.539188057376
0.503266806527
0.525780165451
0.632359386736
0.718277486015
0.681022265081
0.73978974308
0.449318123014
0.500690908993
0.748256369465
0.588061956444
0.533763700728
0.635658654323
0.726396618216
0.642028323442
0.570771660498
0.76350785103
0.708659636042
0.601072762537
0.554981686036
0.782029898813
0.51144640958
0.624206805847
0.658209518908
0.577319916189
0.607585968234
0.672955872615
0.740948482664
0.601899858625
0.781851030287
0.587166298976
0.618985205641
0.682517989404
0.749630249113
0.81291099858
0.725812034756
0.727069591658
0.71061276593
0.544013312552
0.555830396935
0.63501726773
0.60027007374
0.538328559215
0.465389717068
0.471220715766
0.460390869522
0.716627941895
0.526488948676
0.607273028006
0.632743901877
0.787455275847
0.847614727336
0.632048251183
0.351348393932
0.404569780538
0.854171497904
0.61210894235
0.656795649582
0.581412249258
0.557901903218
0.625190380333
0.484351913525
0.664160185891
0.724415202342
0.654011384201
0.631449483756
0.56874986923
0.64564136041
0.543476573432
0.722966766635
0.614135871831
0.547696591035
0.576022874342
0.571872608557
0.573223204668
0.395717804269
0.717114834201
0.469050072318
0.753773506526
0.698180763908
0.663298517351
0.712528581795
0.667546376898
0.77962588713
0.55735065975
0.765342254889
0.778663712006
0.664815658169
0.564271697452
0.800517936666
0.640347902186
0.623836279537
0.611990981766
0.81831510954
0.791398091326
0.827510449446
0.453428088928
0.47065072572
0.637703433467
0.650688127238
0.554593166495
0.460412125935
0.869001820758
0.555534205428
0.4736513927
0.489501669988
0.653477393702
0.573136222156
0.569571276349
0.680242891452
0.660630871183
0.580072355709
0.770604788667
0.73489338647
0.686779513753
0.556234444018
0.667954806809
0.621973971114
0.769932325091
0.678778221032
0.422119326092
0.472226300656
0.411343923447
0.634035386384
0.603770746485
0.741413898598
0.579862593462
0.792440303115
0.768312355294
0.563795597414
0.554358713001
0.702971251217
0.649358471274
0.588611737285
0.780060627636
0.849344005994
0.649909665839
0.632635322223
0.582268697387
0.747588908368
0.715716996246
0.760920794876
0.499128473204
0.811722800609
0.803481145918
0.719698114755
0.426502751871
0.441725503974
0.814609067941
0.705733439179
0.642712259011
0.467023917845
0.793241752711
0.591135040689
0.698351189608
0.633635911502
0.386940154977
0.510136852374
0.450784068591
0.661339699696
0.724395912141
0.692433085194
0.471533480935
0.470705780339
0.568946746013
0.513719164538
0.337459175608
0.568320493692
0.836724577755
0.428990213556
0.685251672048
0.403830439752
0.770642061276
0.784280398398
0.49961551033
0.334088359657
0.433856166773
0.597696127497
0.622659444969
0.662923323784
0.70355340045
0.626506313955
0.470419307842
0.676978648427
0.716512592459
0.340111328061
0.427591431292
0.566687233673
0.816857899073
0.631001519949
0.769915853299
0.693622560074
0.720617543509
0.501032099196
0.523601870767
0.692597765799
0.716624133163
0.761808836215
0.638497824476
0.492853487819
0.71080995442
0.588983213011
0.54027192387
0.55629993744
0.7869131902
0.661967285374
0.678197350014
0.635019403492
0.635990596745
0.751800081245
0.802653357409
0.637200576745
0.79515022389
0.490445965317
0.473149840157
0.645728316963
0.724871299797
0.588522360177
0.628670661933
0.813204490458
0.73932923495
0.495793318806
0.481906380073
0.556120277323
0.308331749695
0.61496237223
0.431168887509
0.238265205625
0.511885649757
0.665856643918
0.736383578364
0.600295976272
0.521866730149
0.538145089064
0.459743856401
0.580545694137
0.471472677797
0.71004563112
0.476889237635
0.605015255591
0.783329672151
0.543298055026
0.642716878529
0.569670010222
0.516303633203
0.571680559169
0.639483323032
0.459556878676
0.408527109496
0.646500775543
0.668667540024
0.72082715416
0.86018864085
0.660109596958
0.576129212369
0.615696204255
0.673646399003
0.651426156698
0.580375937034
0.769115197547
0.829717701977
0.669080346201
0.629611541744
0.624246540082
0.614154410837
0.550679294092
0.670395118217
0.511070635464
0.506901000329
0.466345805755
0.616791135052
0.715424141514
0.787960244546
0.708069813381
0.612132678903
0.727801742209
0.553437828203
0.785605702447
0.736663136064
0.696218065784
0.619077262526
0.555075391005
0.63321430592
0.445278132851
0.714558383226
0.597967050877
0.83565709468
0.558029019018
0.649573209291
0.702003696003
0.590299001465
0.62635229534
0.4850265017
0.488910102621
0.619062641214
0.690104982117
0.660586897466
0.616294951263
0.700711860444
0.650855682538
0.542470614603
0.463538729971
0.829912982699
0.648443043193
0.672129858708
0.532346973465
0.634447703615
0.652305189803
0.561521403106
0.671169618124
0.833131672933
0.637836727925
0.773014306712
0.811630894984
0.676713128005
0.720320765315
0.713331690333
0.790461622491
0.786352184955
0.578490339007
0.571797929345
0.577116244495
0.581956768902
0.738126962561
0.735444312549
0.456968592971
0.69795305683
0.786959836968
0.502811088025
0.678184736518
0.514025946242
0.726103438699
0.615137051365
0.808611879374
0.486937629254
0.334513667033
0.46982918877
0.694343680262
0.512752779957
0.472764846015
0.557472022258
0.547814407125
0.838988735146
0.56962855362
0.376421832029
0.570361175524
0.679120849847
0.632440160361
0.597738403294
0.477400087704
0.826611579213
0.725017281358
0.583540514307
0.564175803145
0.69949451137
0.489601550471
0.569982497031
0.759788198411
0.59201229206
0.580210291895
0.584175455902
0.660157745103
0.639843430373
0.570610076753
0.825345860333
0.78055091331
0.51436194283
0.556802893562
0.657280602779
0.381972936426
0.592024356828
0.704143097771
0.710268548249
0.677818595146
0.74148554073
0.571201367425
0.8221348937
0.779047454884
0.656451435556
0.502187602798
0.838900010613
0.594376400323
0.843871740136
0.877925869071
0.551674180045
0.707565810275
0.48912189476
0.802017690133
0.766862040094
0.570747130694
0.567225546038
0.598299585431
0.852689600088
0.575035955939
0.572164473371
0.597017188679
0.726275915563
0.694295321044
0.543833468788
0.540022034397
0.698213283038
0.578467073099
0.621771007781
0.839882682202
0.69675951522
0.757936546707
0.617562135534
0.70427536419
0.689257281812
0.539924197496
0.793059904592
0.826533138292
0.80661245
0.15155446633
0.571402734406
0.799432849023
0.83210134224
0.821577363398
0.666381280096
0.40213595036
0.51944834386
0.700513508265
0.748451169467
0.738777454495
0.578826814332
0.789760747105
0.766154670079
0.730951740637
0.646186427655
0.803428644898
0.757343729725
0.591672465559
0.550925077272
0.623721436875
0.713224867099
0.544287898158
0.825745404806
0.441129493919
0.908613681383
0.873730529736
0.826946177037
0.810175565509
0.678366808898
0.614540405535
0.582011832604
0.33714475041
0.619036411308
0.664313324197
0.65127749959
0.742485018266
0.810970072523
0.730872384578
0.743873159692
0.6086884686
0.707390010685
0.66908673045
0.736791603082
0.665675961225
0.801105356821
0.580867975356
0.589315619263
0.71343328466
0.557555544335
0.506078495219
0.6614212271
0.798375675037
0.664268136632
0.780312976871
0.680281907626
0.737410450616
0.790707579607
0.409468715955
0.78335074278
0.568782991602
0.551110815936
0.586837597911
0.559446399104
0.43437297167
0.650011539242
0.411536828191
0.71103350846
0.689768148361
0.751242548727
0.666274760291
0.629709017621
0.722675337067
0.615130131443
0.717661474104
0.511370134637
0.707173312178
0.821323619085
0.650345229854
0.476062246384
0.508778811391
0.443744764439
0.567754925549
0.597781006636
0.583039646315
0.514948004565
0.711296141849
0.589627855029
0.533092711163
0.326023437423
0.379893207567
0.638629240769
0.398670867298
0.316302236576
0.389364962567
0.394569699283
0.668849085143
0.508641387353
0.365013197252
0.602572795949
0.594795062032
0.635458071234
0.583289652599
0.576493495069
0.481032864202
0.673658539568
0.390782727219
0.306360973879
0.337141624087
0.664949874376
0.670530532526
0.514631431252
0.605678420978
0.520882383073
0.643763270839
0.619733406791
0.694835750614
0.600367740562
0.616442942817
0.59052401944
0.583579658502
0.76966233781
0.843944941261
0.54183883739
0.806289872775
0.799446092188
0.695353829546
0.616647030565
0.637728678246
0.513249365445
0.854212950107
0.739532402545
0.719268957215
0.654423819313
0.656105132486
0.488970704616
0.581401304377
0.631810780667
0.508018659985
0.652801863231
0.652745385349
0.669778186785
0.803057168414
0.595873845591
0.65264205988
0.824862306495
0.609203551721
0.49490673023
0.727076423034
0.732474273399
0.484597842223
0.653958947548
0.613996491358
0.354325287063
0.597312970775
0.66219937119
0.723556275902
0.604312612079
0.672297097894
0.511757228219
0.594938555986
0.533443390763
0.519302835217
0.755797966901
0.620891371734
0.70978795453
0.629652490959
0.736401912709
0.837620460121
0.57882408466
0.775898050788
0.808267515511
0.729297870938
0.729178127288
0.73558656176
0.814248414855
0.786657764843
0.5854765951
0.778992462515
0.776143486909
0.774413849355
0.73040688919
0.802921664674
0.721596993763
0.815894286854
0.787889801882
0.652094480986
0.673453293499
0.536501472634
0.700191293255
0.592958609872
0.468573287164
0.477231541427
0.550233291166
0.811040219083
0.645687914063
0.733321226532
0.402895072865
0.472688721186
0.562855426304
0.493485849653
0.667387280103
0.710624918048
0.777063837099
0.783176449578
0.668409384927
0.568171145859
0.773541932558
0.701904798701
0.664354094892
0.546484125205
0.838970486541
0.563292617424
0.659600608835
0.529997384833
0.43576175946
0.549846881471
0.723277979839
0.509857989461
0.619174777457
0.643204817988
0.546526232353
0.445328275206
0.513165488562
0.592750995076
0.821362464223
0.525558653912
0.823519807555
0.830178776811
0.789500709182
0.814640406337
0.804244970524
0.599794266318
0.501296264278
0.36258112116
0.581253320429
0.74100458843
0.761608256027
0.817609881074
0.810140349234
0.409929848518
0.797103915005
0.488038687859
0.549495925187
0.555309980607
0.528333273604
0.516074300002
0.585339309774
0.582565713451
0.741652982979
0.64470029073
0.612041177145
0.564848102584
0.61806972496
0.628510198281
0.460337666265
0.638628577221
0.589557022915
0.829900533093
0.50282518537
0.575258044252
0.588615269336
0.61632642668
0.637867830875
0.705256689641
0.617561209231
0.550306845052
0.57679718294
0.641801747623
0.529654355449
0.597770022603
0.536153638381
0.63826571852
0.643106997903
0.71997283
0.683191511182
0.717362174494
0.825319094823
0.777722163263
0.6780266146
0.588026835885
0.69188790262
0.588139004135
0.716630048548
0.804690858902
0.72210730106
0.709343811439
0.341008996621
0.562291023721
0.399248786343
0.459663904165
0.768013776728
0.647723776636
0.719858443912
0.763452600759
0.45417717205
0.571977551333
0.566313669529
0.612376637126
0.599846430253
0.492933571477
0.615785479318
0.483536850841
0.681786175371
0.757158115001
0.796607607171
0.64601730801
0.605847663315
0.542078521947
0.778768401885
0.565871140663
0.620952356622
0.583914099056
0.547791927235
0.831256560491
0.740224799664
0.731368564383
0.739202784416
0.693742053294
0.677903064359
0.608144273455
0.575928106099
0.599958552806
0.596020443508
0.582209436544
0.65924997982
0.56092174593
0.572160092301
0.646158832798
0.511903355992
0.818253662849
0.514317399962
0.514402037743
0.350752034892
0.567566197512
0.684084507495
0.647305399727
0.847000508236
0.445377612791
0.711203605042
0.663587872762
0.583392874065
0.812217600254
0.683206996874
0.653726295818
0.531660884426
0.758620088576
0.636700658781
0.738927321779
0.589219649002
0.856601907305
0.541140663975
0.608528007492
0.725839096317
0.78973170072
0.56883766675
0.411397744627
0.758585861306
0.721222989644
0.739373661461
0.589807453694
0.483880065135
0.687679082277
0.776087973971
0.642998843873
0.678382674827
0.790530033647
0.675247762066
0.460349556933
0.633674866444
0.316106187361
0.438887983354
0.38535227073
0.684792596749
0.561506203469
0.55798143398
0.770615891528
0.618798612032
0.677739133246
0.564481132126
0.699523771986
0.68611051612
0.673817390369
0.840502891727
0.686711048789
0.62283919754
0.648608330227
0.716859691502
0.698155542142
0.66652750948
0.720503718846
0.65031598776
0.433185974148
0.473801520946
0.442367677674
0.587061261166
0.589806676104
0.610271500703
0.620892257585
0.676500471737
0.788460601468
0.873634023877
0.751029593545
0.552860722853
0.503342975712
0.534866350167
0.606720018854
0.730459562583
0.709102332119
0.522120228115
0.769050324572
0.619860257898
0.681391372513
0.778789531208
0.820940878584
0.44449996287
0.681752663586
0.65992532715
0.476251387101
0.496104353765
0.432501060541
0.446310001634
0.794221379609
0.718140812772
0.831885447559
0.498942847754
0.675124450242
0.750038481001
0.793875768099
0.685230257824
0.762852092381
0.27007970163
0.619948241429
0.703842357543
0.59411107529
0.649153609975
0.499590104376
0.636596877711
0.466790473219
0.51390032184
0.601796646028
0.831437318355
0.621369235925
0.748383782454
0.558783507658
0.728247323673
0.66964156759
0.659731163973
0.763027452564
0.572094540255
0.693525675454
0.681123531194
0.781974094032
0.810836492806
0.601775659641
0.666959188993
0.599727597449
0.551435564601
0.742439363468
0.662999358619
0.698164908622
0.456949676067
0.728908931161
0.685057025225
0.696955627545
0.572136307448
0.719888258364
0.539751575998
0.414930343704
0.819596729203
0.526118978892
0.703058052282
0.626502954408
0.36645727554
0.55779349448
0.492961593473
0.613290495479
0.516784275379
0.843181073688
0.467859290111
0.50191337002
0.60959931787
0.541447480205
0.677729217539
0.509193702106
0.562744563212
0.529433071541
0.451390316356
0.621249804113
0.738704242945
0.569772832854
0.706784678335
0.569242149977
0.57298483571
0.583966364827
0.550063405305
0.733283981268
0.701375544938
0.712382340713
0.609401423994
0.52132054077
0.652571019056
0.788969480044
0.684408008443
0.634912161945
0.617386177354
0.64071075351
0.763161277873
0.592575061337
0.818409199784
0.699612483262
0.626357781994
0.471391567148
0.493220970548
0.562674514973
0.626635083881
0.693525553015
0.706399236769
0.691256851188
0.774457057845
0.510049957311
0.777410868494
0.787979204767
0.807723486308
0.254206814293
0.718207489221
0.689706762647
0.623491951598
0.715639695624
0.621289703522
0.683362617036
0.673731977167
0.530418775859
0.619634814179
0.748861455973
0.760029055013
0.689122526724
0.49425162981
0.67515599507
0.73111549397
0.627018064706
0.676783002494
0.720698191398
0.449401154721
0.606362956949
0.519394487376
0.6451556696
0.468218876241
0.564570395986
0.651926794004
0.771530954711
0.84090956823
0.859679909802
0.70095646519
0.545390315843
0.524767349766
0.477947952681
0.775291916977
0.741128266226
0.587486992883
0.565022303669
0.67205426395
0.49325635264
0.491004878236
0.626250788901
0.555216515484
0.560420294945
0.513832942921
0.58079852203
0.637605542254
0.676529005202
0.728952390362
0.604569854059
0.697555825378
0.409154553578
0.387210689618
0.411611474166
0.515749722731
0.750321684694
0.840693377528
0.635385222991
0.798572232036
0.510739554917
0.574132519417
0.791012335958
0.665132244017
0.673912863823
0.459367103258
0.862105928302
0.59646462063
0.790679133075
0.474875979168
0.584888002227
0.747304979599
0.723266658603
0.421807208215
0.610465445932
0.673197616249
0.802761528095
0.765665815892
0.477510887695
0.587275843408
0.680043164937
0.62273321926
0.593486203547
0.786220702409
0.761796394179
0.671880612356
0.65919597864
0.475031863701
0.563891222495
0.669962058501
0.804426568286
0.659118290808
0.621686489683
0.688863303088
0.779902670394
0.72635235035
0.617781689705
0.76910229827
0.801734304719
0.790250566279
0.657953141425
0.408663695981
0.581284728661
0.333829499128
0.654599242773
0.600911608557
0.617230795388
0.718921327122
0.745948307966
0.511282175153
0.438674262144
0.725033717903
0.675388776439
0.671559351199
0.31988117618
0.622503861104
0.772656795955
0.435648053818
0.648944083783
0.628791526194
0.754113166878
0.691890474503
0.403417674161
0.607769245612
0.75395492276
0.561909768365
0.7659585135
0.639877381831
0.773202313454
0.491348035856
0.581688926951
0.624553303775
0.557596605423
0.720916747546
0.495560417465
0.488275347793
0.552645446491
0.541304869446
0.553372496089
0.67092319944
0.63310982744
0.618392937533
0.614318181432
0.723632193552
0.556072495772
0.629871159595
0.694533652031
0.625075984781
0.647225013997
0.590531293114
0.781790265607
0.752379820651
0.651663736189
0.819483229731
0.754781485028
0.767103969766
0.676802398636
0.721866599944
0.662089986382
0.666507027522
0.773050742178
0.646854181873
0.51225636136
0.528394552625
0.572422585517
0.48655724706
0.804334866034
0.789478265624
0.727989300005
0.413548626892
0.587258104813
0.702915658123
0.589517235908
0.777298470763
0.837709515065
0.772117862963
0.526917290918
0.703254699607
0.587198530323
0.618676904773
0.779782275232
0.527227524952
0.738653657285
0.703144791273
0.502153715825
0.701919338031
0.593699261669
0.784920999829
0.505412612067
0.664479401778
0.582637966135
0.523625696518
0.475188224354
0.494040190958
0.615955068189
0.864387000838
0.842982743813
0.894843379752
0.727958380251
0.597816096476
0.740124417867
0.425567084181
0.724235839183
0.664377798298
0.644670494299
0.520254125904
0.638372142113
0.766815925855
0.693406844191
0.419000691804
0.786539545488
0.751154493309
0.63405862978
0.652069091227
0.6448121847
0.782490342278
0.716943622035
0.720620532038
0.763619174587
0.778597457361
0.727849137997
0.520522719243
0.733443280215
0.793023652428
0.590737087919
0.692168299387
0.787509728145
0.700583726708
0.535571064088
0.823223249122
0.457082044819
0.488819108767
0.653700355946
0.642484710361
0.78273027315
0.416855277608
0.706967391911
0.772382265526
0.780027490459
0.302704875277
0.481152584148
0.739319655974
0.644661880605
0.688720997748
0.591764702676
0.563194082223
0.778331574978
0.722323535851
0.446700487904
0.614144496671
0.559827856033
0.644762898909
0.830999210942
0.671447217039
0.797543977846
0.868860264835
0.663102848572
0.773892537158
0.784190279125
0.581034453575
0.593769253468
0.757098121858
0.62123548766
0.522953136421
0.572021504726
0.752167358513
0.59475986223
0.727069120268
0.821250105835
0.468140010991
0.780730561943
0.741372878819
0.564111674692
0.81448005989
0.57410879132
0.861735102772
0.67906061918
0.494761132512
0.675407593191
0.783319472513
0.697160722883
0.717625192327
0.777481179622
0.758211089079
0.676277131106
0.638407697931
0.754025623617
0.740358407632
0.656896749902
0.669223094474
0.579836095762
0.645360147114
0.664131486663
0.716567188477
0.639933481367
0.637537730563
0.581360668385
0.623221094527
0.71488063683
0.812001570964
0.865428986905
0.887392543649
0.608421966428
0.654411127874
0.569550307603
0.4960607435
0.505814948527
0.440770023587
0.684299028759
0.651792092993
0.599583503216
0.561284592667
0.717221866678
0.64668033295
0.634797016224
0.435516091153
0.783312677595
0.800383743586
0.6283644187
0.65629754443
0.565407543353
0.681027336086
0.493377670904
0.779001600237
0.612531190675
0.807135335288
0.695370526194
0.713522786766
0.684872204692
0.308797777467
0.791224832643
0.798140388553
0.622173972258
0.70238603573
0.705710698951
0.554011943849
0.761662126362
0.55312204347
0.765110061113
0.769166557712
0.590494834452
0.739887552508
0.431631167832
0.486318916503
0.669878487536
0.586037768325
0.623860688449
0.773975452091
0.6732598934
0.515859472297
0.814197030478
0.752193401034
0.779554189073
0.579107146775
0.617412251442
0.541245991054
0.729890258051
0.785101720661
0.604793260539
0.781081656589
0.519254166835
0.807202690857
0.680469304692
0.780816922859
0.521193353807
0.518153623071
0.472981534012
0.796392166622
0.406231783442
0.605178449746
0.377220220661
0.484362158925
0.758752394032
0.402023225822
0.553836131757
0.755146801567
0.591992925955
0.618231490285
0.554188618361
0.563935777691
0.50048422588
0.48127827895
0.793849595282
0.723279340475
0.615465459946
0.622225554478
0.658321704082
0.606135631196
0.635435890235
0.713627915287
0.798497526218
0.7307982914
0.677294780619
0.820506070067
0.704590512513
0.663179904458
0.718620688868
0.391016718365
0.459238110708
0.445480073697
0.513687281475
0.569377653261
0.678481903233
0.428857594489
0.717287344731
0.686749020058
0.441847010276
0.632409115355
0.558843888543
0.546534404897
0.617624039337
0.53471336028
0.687588145513
0.446678220794
0.701785844287
0.595324791749
0.717406442256
0.43015594512
0.343041978391
0.515309158173
0.831664887097
0.81240482797
0.466488258403
0.866524288728
0.709012924908
0.567730825336
0.416788070644
0.479245785116
0.61643624081
0.446160032193
0.345748316418
0.640492893628
0.823478503503
0.631080631793
0.768334571767
0.685305050538
0.575525818948
0.555633264125
0.774592623434
0.696365396296
0.637499193434
0.740642568368
0.565873778152
0.24804803906
0.760192494981
0.786759636721
0.846058720825
0.847631338232
0.69718633278
0.764610715855
0.716471705637
0.527230676511
0.755436571024
0.670722224164
0.566125073817
0.523101782375
0.600234349891
0.628101956766
0.690636249411
0.525117006231
0.643826375762
0.744994668796
0.589007253858
0.644190530587
0.516179725713
0.633122956361
0.392970743043
0.605926727679
0.41263866311
0.611596205689
0.569858650234
0.602021875464
0.61063518291
0.736026781561
0.615190053115
0.500681378468
0.766333695812
0.705085464619
0.737830067053
0.61710480841
0.773952495945
0.636125665027
0.717390675939
0.525478978491
0.676847291278
0.641946660637
0.610640021986
0.307234878973
0.553140010232
0.483905357127
0.648647678272
0.477088601716
0.700479964611
0.524076564993
0.570624662411
0.601292427
0.650257601639
0.383998972324
0.743911650097
0.61914532186
0.339454701077
0.458912589825
0.586820362501
0.718805323987
0.529656658506
0.705447214656
0.687353902441
0.58534298372
0.350092053856
0.543101796969
0.511557902657
0.555914004583
0.631922907027
0.585075027231
0.714269001668
0.695188207959
0.438645593673
0.482902888169
0.498212783476
0.535681620721
0.447803283635
0.480999227826
0.569847211052
0.292774390378
0.618966450599
0.741505812154
0.803119897257
0.780874176225
0.682826125927
0.787130347762
0.545159796519
0.597588101623
0.51902478776
0.33828787345
0.554473494278
0.562793236233
0.38289601601
0.857133232984
0.740775315979
0.757906101795
0.506343683675
0.615178164982
0.436338885379
0.676613981552
0.701557833389
0.727027966712
0.579549101937
0.77184608796
0.735253662562
0.49517880568
0.583687839924
0.636114683347
0.717946365604
0.527238403932
0.562049069989
0.562586908208
0.680569077656
0.441966998965
0.730186601347
0.73152697993
0.757171256851
0.768682580046
0.747096955256
0.73687627155
0.636700187814
0.822461101058
0.708210402545
0.806423706456
0.660668853317
0.656845712774
0.610848200356
0.629002262389
0.596574959279
0.540538790491
0.626881280176
0.698151774234
0.795541146436
0.762717298303
0.696948630949
0.658646598146
0.751184026232
0.650621067676
0.497733085105
0.356761970291
0.84492111324
0.669519349037
0.655892707085
0.726931010931
0.572975786641
0.731958675515
0.752353925207
0.81315006979
0.623631035639
0.705323420294
0.430015979109
0.454493571624
0.589543770015
0.680084097294
0.681329549778
0.610346537365
0.610821651703
0.501055886998
0.464572800629
0.192125900279
0.583923608776
0.680850258077
0.755388487824
0.744842887123
0.748961837512
0.713589398399
0.844112085215
0.803550101886
0.747256548556
0.597965705793
0.738423640545
0.404535316188
0.709983883085
0.682827561295
0.804723320021
0.457916497713
0.829389948595
0.477664860937
0.711648452309
0.735964809935
0.556160016897
0.595463085368
0.359939915854
0.514870411823
0.763656490353
0.554759553973
0.849556698298
0.634511410416
0.6767187234
0.543343410885
0.825067943958
0.855412023345
0.655980306466
0.787902671583
0.427715172092
0.451178957757
0.618710299535
0.391394751113
0.596377129163
0.640391551029
0.35396451549
0.715625393472
0.60154585812
0.674138694137
0.703182962575
0.611710849254
0.736705719371
0.732607383652
0.57549474999
0.711058670169
0.74987552468
0.844114093485
0.832530919586
0.578565297312
0.466078673341
0.798922239638
0.640937006745
0.494262637636
0.603446254275
0.81038343386
0.778653468449
0.643714987926
0.586801029653
0.538859143876
0.581230715741
0.532723517682
0.685511115502
0.695876518014
0.377615525411
0.528623832521
0.837241901974
0.523206023509
0.438225055527
0.697143358054
0.61563042451
0.461493004345
0.601872765031
0.455103102029
0.772026812538
0.458140543964
0.615503707932
0.523714328372
0.675233863695
0.578298081617
0.429925441596
0.66533415509
0.527644639344
0.495396753429
0.782970257859
0.806364373171
0.752730690321
1.0
1.0
1.0
0.400844105009
0.32113197316
0.541075557531
0.756484145203
0.462916313218
0.697271748954
0.678066900059
0.622354642555
0.665500930881
0.437391271407
0.796923366249
0.725410634512
0.730812995598
0.778694266496
0.51297574175
0.664891420462
0.610445471269
0.722301314242
0.701403548323
0.754246780972
0.589447477538
0.792088088755
0.470851014907
0.80220841365
0.560201756905
0.791318756004
0.548550512445
0.694940312342
0.588787780649
0.373807156943
0.602110416452
0.597024173424
0.684202103758
0.587710976727
0.764911010234
0.496606672083
0.638691973847
0.816485269104
0.678036101759
0.589628916109
0.847334575909
0.646044752011
0.797983140507
0.766155894257
