0.010173307458991067
0.04269515800534615
0.0025318638370626697
-0.006800837403904284
-0.0020716773685671834
0.0003062773319294381
0.013190101415662108
-0.07134512777052322
-0.07134512777052322
-0.024406579694134643
0.013190101415662108
0.01317898005358354
0.02608648267911484
0.013190101415662108
-0.4269860875992718
0.013190101415662108
0.01720142732597119
-0.006800837403904284
-0.0004284670731247651
-0.07134512777052322
-0.8221038578151935
-0.006800837403904284
-0.07134512777052322
0.04911326286279281
0.04911326286279281
0.7325795508040889
0.024592236389095704
0.04911326286279281
0.04269515800534615
0.005657403691272504
-0.0004284670731247651
0.0010392414890986763
-0.07134512777052322
0.02248158445610989
-0.07134512777052322
-0.07134512777052322
-0.07134512777052322
0.0010392414890986763
-0.006800837403904284
-0.006800837403904284
-0.006800837403904284
-0.07134512777052322
-0.0391130834731741
-0.07134512777052322
0.025991785110968217
0.013969343718316499
-0.07134512777052322
-0.07134512777052322
-0.006800837403904284
-0.07134512777052322
-0.07134512777052322
0.016082402513244685
0.08720724779146874
-0.07134512777052322
-0.07134512777052322
-0.013128518948033015
0.013190101415662108
0.025991785110968217
0.009909792426725001
0.0025318638370626697
-0.5617405503759029
-0.07134512777052322
0.0012658267921636193
-0.07134512777052322
0.013190101415662108
0.004093814878741097
-0.03856000319786375
0.023766682742860402
-0.07134512777052322
-0.07134512777052322
-0.07134512777052322
-0.07134512777052322
-0.07134512777052322
0.038404019001416996
0.013190101415662108
0.013190101415662108
0.013190101415662108
-0.7950960532831086
-0.07134512777052322
0.0025318638370626697
0.021228729819863294
0.014662851938678634
-0.07134512777052322
-0.07134512777052322
-0.02658719295836864
0.0010392414890986763
0.4902551454206069
0.5049490556020976
0.013190101415662108
0.0028225021012536463
0.0002558693433321253
0.02241742913605964
0.047870160167174804
0.01660842634051314
-0.07134512777052322
-0.07134512777052322
0.09603628135802258
-0.07134512777052322
-0.0032046022239871105
-0.07134512777052322
-0.010774358982670169
0.0010315154622636464
0.0048303229326323955
-0.03918246749330607
0.013190101415662108
-0.07134512777052322
-0.0020716773685671834
-0.07134512777052322
0.013190101415662108
0.03628095392415095
-0.07134512777052322
-0.006800837403904284
0.01594069644150626
0.007206825216439643
0.09603628135802258
-0.006800837403904284
0.024592236389095704
-0.006800837403904284
0.01810101272574443
-0.07134512777052322
-0.07134512777052322
-0.07134512777052322
-0.07134512777052322
-0.07134512777052322
-0.07134512777052322
-0.07134512777052322
-0.07134512777052322
-0.07134512777052322
-0.006800837403904284
0.009909216607244739
0.005758807274762026
-0.5235486600366748
-0.07134512777052322
-0.07134512777052322
-0.07134512777052322
-0.006800837403904284
0.0054494176213553775
0.01720142732597119
-0.004613348478289072
0.04911326286279281
-0.0034270809226069217
-0.07134512777052322
-0.00676874314483128
0.021326373719008345
0.013190101415662108
0.018383719409686448
0.01558617397691807
-0.5416371883393607
-0.07134512777052322
-0.07134512777052322
-0.07134512777052322
-0.006800837403904284
-0.006800837403904284
0.8299523939230906
-0.07518630031312608
-0.006800837403904284
0.007487880295117759
-0.07134512777052322
-0.0004284670731247651
0.007487880295117759
-0.006800837403904284
0.013190101415662108
-0.0017054276766528625
-0.03856000319786375
0.0016665610060454443
-0.05680468068299627
-0.5235486600366748
-0.006800837403904284
-0.07134512777052322
-0.015198752199434774
0.01520082708041958
-0.07134512777052322
-0.07134512777052322
-0.07134512777052322
0.01720142732597119
0.0021561748217924933
-0.0013922866384256803
-0.9114007133973604
-0.03693927216301073
0.009261604754266552
-0.006800837403904284
0.04911326286279281
0.047870160167174804
0.013190101415662108
-0.07134512777052322
0.0010115791758092197
0.014662851938678634
-0.07134512777052322
-0.07134512777052322
-0.07134512777052322
-0.07134512777052322
-0.07134512777052322
-0.020392372784884105
0.02347893824788727
-0.007327906971189083
0.007309390733280659
0.11532022523082558
0.0002558693433321253
0.007206825216439643
0.013190101415662108
-0.07134512777052322
-0.8135287808097749
-0.04337696389695398
0.030690975565360747
0.02063651728917947
-0.08166515768580791
0.41553238967426226
-0.8136208726198585
0.012102365808186506
0.017214623569034564
0.41553238967426226
0.41553238967426226
-1.1887914836426046
-0.9114007133973604
2.0699110718772115e-05
-0.03680320146802705
0.0076274118915841075
-0.9114007133973604
0.8958101747722077
-0.07058413129358315
-0.05140285253190844
0.024154851477498233
0.04639417282982198
0.41553238967426226
-0.07803236476284321
-0.010562804117459173
0.03135958521390519
-0.012491198504739473
0.002002309947483091
-0.06153300246641549
-0.5937131296689252
-0.038670552856734305
-0.008384594059608022
-0.6236930032628248
-0.011411546633580684
-0.005219296721092321
0.00361184492454208
0.017214623569034564
0.017214623569034564
0.41553238967426226
-0.9114007133973604
-0.04337696389695398
-0.9114007133973604
-0.9114007133973604
-0.9114007133973604
-0.06638996687089282
0.8299523939230906
0.017214623569034564
-0.0506410069443783
-0.5764394658363662
-0.07168954488704932
0.10248804908456674
0.41553238967426226
0.8003454568708787
-0.5464864721933009
-0.051257278882014326
0.06555121698159413
0.028663650852724813
-0.0023669080341335046
0.017214623569034564
0.8267881091264954
0.016920239454910047
0.007331558761722343
0.017214623569034564
0.41553238967426226
0.017214623569034564
-0.006023030918891383
0.0606601009566524
0.03665531463389421
0.011428112483363388
-0.408699165756791
0.017214623569034564
-0.412502015311969
0.017214623569034564
0.014673973300757199
0.02916220325575442
-0.4788908295822355
0.5052930352742709
0.41553238967426226
0.41553238967426226
0.017214623569034564
-0.045044255261106066
0.017214623569034564
0.7449569757742982
0.622425846952084
0.0036896861595681267
0.002107365321505876
0.41553238967426226
0.41553238967426226
0.03890385247466609
-0.4291645104732917
-0.82291723605981
0.000991967400740817
-0.005196157648349746
-0.5771035377827607
0.09603628135802258
0.010199616949878431
0.02446458971091033
-0.59597919177199
0.41553238967426226
0.41553238967426226
-0.027137866371736607
0.41553238967426226
0.028686457944509827
-0.5771035377827607
-0.5771035377827607
0.017214623569034564
0.0010430841686825403
0.017214623569034564
0.0426850325861403
0.017214623569034564
0.017214623569034564
-0.10751332763628366
0.017214623569034564
0.017214623569034564
0.023766682742860402
0.017214623569034564
-0.04337696389695398
0.030690975565360747
-0.0023669080341335046
0.015041725206504524
-0.06505963617867351
0.017214623569034564
0.41553238967426226
0.41553238967426226
0.000991967400740817
-0.8232675268706208
-0.08671359210756328
-0.447683127602034
0.03169637989535918
0.41553238967426226
-0.025430986278394376
0.41553238967426226
0.8299523939230906
-0.008384594059608022
0.017214623569034564
-0.9114007133973604
0.03657213442203493
0.028663650852724813
0.028663650852724813
0.017214623569034564
0.0072311179230097715
0.023869928820664438
0.8299523939230906
0.01621834871536929
0.30314796742444805
0.0029411935931085873
-0.014308047290276512
-0.8131429531127692
0.41553238967426226
-0.04337696389695398
0.526986966036603
-0.04337696389695398
0.41553238967426226
-0.0506410069443783
-0.04337696389695398
-0.04337696389695398
-0.006641494843794991
0.020620499207976754
0.012102365808186506
0.4365932378951413
0.43233788177446286
0.0031825852468811183
-0.5771035377827607
0.41553238967426226
-0.005057530699992772
0.001661664286921298
-0.04337696389695398
0.01809935282095658
0.41553238967426226
-0.04337696389695398
0.03373847776060695
0.0016665610060454443
0.008342017501799769
0.014105704896638059
0.09805804538961924
0.41553238967426226
0.8087991482734544
-0.8299523939230906
-0.8299523939230906
0.41553238967426226
0.017214623569034564
-0.0027150398652884848
0.7190873531428442
0.0026790531294879796
0.0303462133409251
0.027087903237622436
0.6095193755690554
0.09868989644663682
-0.9114007133973604
-0.0391130834731741
0.08950977218758958
0.006493472834338807
0.034581626397593414
0.07552624881367699
0.017214623569034564
-0.003623754741394876
0.41553238967426226
-0.9939861470413847
0.0016665610060454443
1.2043905014609726
0.41553238967426226
-0.06579248414250757
-0.06579248414250757
-0.06579248414250757
-0.06579248414250757
-0.06579248414250757
-0.9939861470413847
-0.5839611761342384
0.0012825835309969262
-0.5839611761342384
-0.5839611761342384
-0.8299523939230906
0.01621834871536929
-0.5839611761342384
-0.5839611761342384
0.002670122841729367
0.002670122841729367
-0.06579248414250757
-0.0015631358095771573
-0.06579248414250757
-0.8299523939230906
-0.06579248414250757
-0.5254183178396421
-0.9114007133973604
0.026587358948847423
0.016092195951492982
-0.7190855046706321
-0.9939861470413847
-0.9939861470413847
-0.10169987649415374
-0.7506463759170091
-0.9939861470413847
-0.0012090580484192797
-0.04261017088020843
-0.7190855046706321
-0.043666866268151305
0.10248804908456674
0.2536693997634582
-0.051257278882014326
0.06555121698159413
-0.4464445662735725
0.03177539136326066
-0.06579248414250757
-0.9114007133973604
0.014554319064125309
-0.7190855046706321
-0.9114007133973604
0.02821898725863264
-0.9114007133973604
-0.012491198504739473
-0.051257278882014326
-0.9939861470413847
-0.9114007133973604
-0.3653770354823383
0.002670122841729367
-0.9114007133973604
-0.004034406886384082
-0.9114007133973604
-0.0012090580484192797
0.002670122841729367
0.006763536366423438
-0.4788908295822355
-0.8299523939230906
-0.06579248414250757
-0.06579248414250757
-0.9114007133973604
-0.06579248414250757
-0.02658719295836864
0.03887497013135756
-0.012491198504739473
-0.8476789452379141
-0.9114007133973604
-0.06579248414250757
0.012284291372934448
-0.06579248414250757
-0.06579248414250757
0.002670122841729367
-0.0012090580484192797
0.0002758836453115806
-0.003164284796595115
0.014673973300757199
-0.012491198504739473
0.06420105042716005
0.09603628135802258
-0.06579248414250757
-0.06579248414250757
-0.06579248414250757
-0.5254183178396421
-0.5254183178396421
0.018245192055616748
-0.9939861470413847
0.020758852272043733
-0.06579248414250757
-0.5839611761342384
-0.7190855046706321
-0.04261017088020843
-0.06579248414250757
-0.9114007133973604
-0.06579248414250757
-0.9114007133973604
-0.06579248414250757
0.002670122841729367
0.002670122841729367
-0.9939861470413847
-0.03317054133744537
-0.06579248414250757
0.022441497755483406
-0.06579248414250757
-0.06579248414250757
-0.012491198504739473
-0.034107474594945154
-0.06579248414250757
-0.7190855046706321
-0.6091112088605038
-0.03590996520406732
-0.447683127602034
0.002670122841729367
-0.9114007133973604
-0.9939861470413847
0.0045198685146722725
0.004914106626798923
-0.9939861470413847
-0.035280363318037265
-0.02586809647574946
-0.43959235885414033
-0.0014437436868489123
-0.012491198504739473
-0.029996554397365302
-0.9939861470413847
0.007206825216439643
-0.00412842389356769
0.017214623569034564
-0.9114007133973604
-0.012491198504739473
-0.9114007133973604
0.2536693997634582
-0.4916938203749834
-0.9939861470413847
-0.9114007133973604
-0.8347921612311989
-0.8863628426086936
-0.9939861470413847
-0.42548832547347065
-0.06579248414250757
-0.06579248414250757
-0.00412842389356769
-0.04261017088020843
-0.06579248414250757
0.4365932378951413
-0.05305155296243666
0.028663650852724813
-0.06579248414250757
0.82308143233022
-0.005057530699992772
0.04911326286279281
-0.06579248414250757
-0.43959235885414033
-0.7190855046706321
-0.012491198504739473
-0.06579248414250757
-0.9114007133973604
-0.10169987649415374
-0.5254183178396421
-0.04261017088020843
-0.9114007133973604
-0.0012090580484192797
-0.012491198504739473
0.014939724057291376
-0.06579248414250757
-0.00412842389356769
-0.4436500598186506
-0.06579248414250757
-0.06579248414250757
-0.06579248414250757
-0.5254183178396421
-0.04261017088020843
-0.04261017088020843
-0.0012090580484192797
0.3941660065580505
-0.8347921612311989
-0.06579248414250757
-0.9939861470413847
-0.8261673453851828
-0.49259154181528597
-0.03820629159676442
-0.48766653457412634
-0.7459562884314118
-0.8241666871101287
-0.06579248414250757
-0.06579248414250757
0.07552624881367699
-0.9939861470413847
-0.13796298644183536
-0.012491198504739473
-0.0012090580484192797
-0.03856000319786375
-0.9939861470413847
-0.06579248414250757
-0.06579248414250757
-0.7299109897316878
-0.9114007133973604
-0.9114007133973604
-0.1090061964035769
0.07774338363880312
0.03628095392415095
-0.04050549460445887
0.19392371491585808
0.03937712273584962
-0.010721735980541255
-0.36479321771311807
-0.8256003144584085
-0.011430460202745279
0.8299523939230906
0.002757765814527645
0.016349979165045492
0.9017224651428571
-0.03045028937112305
0.056739363429594514
-0.0506410069443783
-0.005774476775959296
0.19392371491585808
0.6873706605026172
0.009909792426725001
0.0009190062857910383
0.8299523939230906
-0.0004284670731247651
0.8299523939230906
0.01317898005358354
-0.027619487745930173
0.013190101415662108
0.002507128491086811
0.26547490278419666
-0.012943605554666952
0.4384475898913814
-0.12657291748486693
0.2374867602977704
0.0012211255562269217
0.016349979165045492
-0.01582154847583466
-0.0008887462215086023
0.006195187943962848
0.5502167048585305
0.8299523939230906
-0.0035412574734389212
-0.058080483502934835
0.0044228356785534105
0.8299523939230906
-0.0336245252969213
-1.0255775656771726
0.8299523939230906
0.9114007133973604
0.005688012335560387
0.01317898005358354
-0.59597919177199
0.8299523939230906
0.038163866920244253
-0.005842864853218558
0.8299523939230906
0.8299523939230906
0.01317898005358354
-0.012212615854242855
0.5502167048585305
-0.012212615854242855
-0.0035412574734389212
0.00030220226567527573
-0.004736870293076647
0.5502167048585305
-0.0035412574734389212
0.0016046299584109032
0.5502167048585305
-0.0004284670731247651
-0.5059131974677928
1.2134318344395445
-0.005304466435756709
0.8299523939230906
0.8299523939230906
-0.011290008405014585
-0.8299523939230906
0.9114007133973604
0.09603628135802258
0.03135958521390519
0.03135958521390519
0.8299523939230906
0.01317898005358354
0.04308208181139309
-0.011897948533563248
0.9114007133973604
0.001575722716530562
0.01317898005358354
0.8299523939230906
0.9114007133973604
0.2866702391320496
0.01317898005358354
0.01317898005358354
0.01317898005358354
0.01317898005358354
0.01317898005358354
0.8299523939230906
0.6873706605026172
-0.018031213729415498
0.6873706605026172
0.01317898005358354
0.000991967400740817
-0.00013279570283727019
-0.01237102139809941
-0.0021754712149512053
0.003218140407436784
0.012619179308458794
0.8299523939230906
-0.8299523939230906
-0.0035412574734389212
0.8299523939230906
0.8299523939230906
-0.0035412574734389212
-0.0078046482253063855
-0.004445971979006604
0.004770973036942947
0.023766682742860402
-0.3653770354823383
0.8087991482734544
-0.058452883142088116
0.8299523939230906
-0.03918246749330607
0.13945856065568474
0.13945856065568474
-0.007720482753038643
0.8299523939230906
0.0026790531294879796
0.0010392414890986763
0.023766682742860402
0.9114007133973604
-0.015299010448620682
0.0072311179230097715
0.0003036048852210058
0.9114007133973604
0.8299523939230906
0.8299523939230906
0.8299523939230906
0.01317898005358354
-0.0035412574734389212
0.8299523939230906
0.8338976482750305
0.03229701644284132
0.5502167048585305
-0.0506410069443783
0.04676134376889356
0.0023402499632406955
0.5502167048585305
0.5502167048585305
0.01317898005358354
0.01316997909325984
0.01987013924863088
0.004617871718835955
0.43233788177446286
0.018867747645822396
0.021930247080826783
0.050529385733971956
-0.0008519793304578093
0.6873706605026172
0.03380736380930256
0.011498492446368065
0.5133074229016024
0.0010392414890986763
0.9017224651428571
-0.4916938203749834
0.06202699013127853
0.5502167048585305
-0.8299523939230906
-0.0017157937820529618
0.00010662896376166299
-0.7907221760996095
-0.00022782193213188837
0.9017224651428571
0.9017224651428571
0.13945856065568474
-1.200678078027844
0.8299523939230906
0.0016264909044668378
0.0037744242989876738
0.8299523939230906
0.8299523939230906
-0.04030572506324157
0.8299523939230906
-0.07010927403140006
5.4776857998922644e-06
0.018828698385688312
0.7748803218576481
0.28520578057805396
0.018181933084151933
0.01317898005358354
0.01317898005358354
0.006493472834338807
0.034581626397593414
0.01317898005358354
0.8299523939230906
-0.0035412574734389212
-0.04522551686393887
0.0016665610060454443
-0.012481806763449841
-0.0035412574734389212
0.13945856065568474
0.015041725206504524
-0.014625504080952095
-0.8152993354226602
-0.06505963617867351
0.05596547597978571
-0.0783791271725482
0.8813562972692418
-0.43349049800444583
0.033670714199985595
-0.010721735980541255
-0.4761660499067995
-0.05484342018091661
-0.9114007133973604
-0.8135287808097749
0.08495591892771297
-0.06505963617867351
-0.003979480636954252
0.005229339145058791
0.07898084265814247
-0.9967812203352634
0.002892649677588026
-0.10255633823084827
0.8299523939230906
-1.213887100878984
0.8338976482750305
-0.5130536169955424
-0.06505963617867351
-0.4807389486574692
0.0046611786347508614
-0.05131129218381084
0.0035452910420733876
0.019177792961620244
0.0035452910420733876
-0.5059131974677928
0.07898084265814247
-0.4557349797376316
0.06202699013127853
0.004425721140594879
-0.058080483502934835
0.005229339145058791
0.376822931617784
0.376822931617784
-0.05070235739197438
0.0196023966063513
0.01806839559666325
0.01806839559666325
1.1208528661400003
-1.1156184462563776
0.04272189907147835
0.0007806781202958767
0.005758807274762026
0.02792308433162724
0.012211421552748
-0.8299523939230906
0.09181265362534798
-0.010390132521903472
0.8215895446162033
-0.4761660499067995
-0.0032695559582403186
0.04680997897917744
0.038404019001416996
-0.7722973440172807
0.001423534346056885
-0.07134512777052322
0.5669969526709797
0.033670714199985595
0.3105803591315294
-0.6923827970911587
0.033670714199985595
-0.008513946295070901
-0.7907221760996095
-0.03590996520406732
-0.03590996520406732
-0.03590996520406732
-0.5059131974677928
-0.03590996520406732
0.007309390733280659
-0.7921669022992358
0.014686765357004741
-0.06548683893948964
-0.4761660499067995
-0.4991156962099147
0.00013159891148523307
0.033670714199985595
0.061503871137388796
-0.010562804117459173
0.0020469945843719106
-0.029813559217434154
-0.029813559217434154
0.00812077709215169
0.015178078085302147
-0.0016700302070520427
-0.012081782988817213
-0.007682246846250608
-0.04337696389695398
0.0035452910420733876
-1.3471125267993966
0.0035452910420733876
-0.0032695559582403186
0.026278782648786813
-0.011362214263285892
0.09418880732914978
-0.03317054133744537
0.0196023966063513
-0.011362214263285892
-0.010562804117459173
0.06202699013127853
-0.8135287808097749
-0.014401819519439172
-0.01968464488858908
0.025824300717874536
0.07898084265814247
0.07898084265814247
0.038606646522402234
0.07898084265814247
-0.824963081367934
-0.011362214263285892
0.0020469945843719106
0.0196023966063513
-0.0184144691458813
-0.5059131974677928
-0.447683127602034
0.01492412095228562
0.030285792806647498
-0.06505963617867351
0.005556614272554483
0.038606646522402234
0.004850806157714408
0.02755184662582545
0.014686765357004741
0.007309390733280659
0.03614899149351717
0.03946556425487323
-0.06505963617867351
0.0035452910420733876
0.0035452910420733876
-0.5235486600366748
0.01492412095228562
-0.004637500092952236
-0.05647178650945599
0.005758807274762026
0.005758807274762026
0.0024776817801504198
0.005758807274762026
-0.13796298644183536
0.005758807274762026
0.005758807274762026
-0.7307540709646766
0.04676134376889356
0.005758807274762026
0.05632275222641693
0.0035959712550559073
0.43233788177446286
0.9967812203352634
-0.8299523939230906
-0.4761660499067995
0.9813771847277534
0.9813771847277534
-0.5234622858614661
-0.0011038366839177106
-0.8271000384342276
0.021239975674800946
0.024555253710422487
-0.049612096619683944
-0.0032695559582403186
0.03629556108628399
0.03629556108628399
-0.35389743512005056
-0.0008190883170866373
-0.044735280583896385
0.018662696287570182
-0.03693927216301073
0.019177792961620244
0.033670714199985595
0.0035452910420733876
-7.0382286520629904e-06
-0.8221038578151935
0.033670714199985595
0.033670714199985595
0.8261673453851828
0.014673973300757199
0.022503113421208257
0.3941660065580505
0.022441497755483406
0.030285792806647498
0.0035452910420733876
-0.908042660844286
0.576298139574784
0.014662851938678634
0.019177792961620244
0.010827724921599424
-0.9967812203352634
0.024555253710422487
-0.029813559217434154
0.0035452910420733876
0.014673973300757199
-0.010390132521903472
-0.4761660499067995
0.376822931617784
-0.0783791271725482
-0.007170456702537934
0.00812077709215169
0.033670714199985595
0.71062847834398
0.027220363639692564
0.027220363639692564
0.027220363639692564
0.01602911956955482
-0.5851665433132257
-0.06919933400157849
0.00812077709215169
0.027220363639692564
0.00812077709215169
0.027220363639692564
0.00812077709215169
0.027220363639692564
0.027220363639692564
0.027220363639692564
0.027220363639692564
0.027220363639692564
0.027220363639692564
0.027220363639692564
0.027220363639692564
0.00812077709215169
0.006195187943962848
0.027220363639692564
0.00812077709215169
0.00812077709215169
0.027220363639692564
0.027220363639692564
0.00812077709215169
-0.004751029280916975
0.00812077709215169
0.00812077709215169
0.027220363639692564
0.025052113010568488
0.027220363639692564
0.027220363639692564
-0.28801207619716296
0.008331477106396945
0.027220363639692564
0.027220363639692564
0.027220363639692564
0.16899300481105345
0.027220363639692564
-0.044998192903243334
0.027220363639692564
0.027220363639692564
0.00812077709215169
0.027220363639692564
0.00812077709215169
0.00812077709215169
0.00812077709215169
0.00812077709215169
0.02821898725863264
0.027220363639692564
-0.4557349797376316
0.00812077709215169
-0.015283241353136141
0.00812077709215169
0.027220363639692564
0.007331558761722343
0.027220363639692564
0.00812077709215169
0.00812077709215169
0.0076274118915841075
0.015670829121098226
0.8299523939230906
0.00812077709215169
-0.8415346082685485
0.027220363639692564
0.00812077709215169
0.027220363639692564
0.04680997897917744
0.006195187943962848
0.006195187943962848
0.00812077709215169
0.00812077709215169
0.027220363639692564
0.00608845606610434
0.027220363639692564
0.00812077709215169
-0.03343721334113681
0.00812077709215169
-0.01786032653150673
0.027220363639692564
0.012284291372934448
0.027220363639692564
0.01660842634051314
0.0683109746818672
0.027220363639692564
0.00812077709215169
-0.59597919177199
0.027220363639692564
0.008359944473508506
0.7325795508040889
0.07552624881367699
0.027220363639692564
0.00812077709215169
0.5277432881291656
0.08950977218758958
0.027220363639692564
0.03628095392415095
0.08469415194266962
0.00812077709215169
0.027220363639692564
0.00812077709215169
-0.010181357997212122
0.023766682742860402
0.027220363639692564
0.02792308433162724
0.00812077709215169
-0.03517396342113632
0.7649765829362033
0.027220363639692564
0.027220363639692564
-0.005219296721092321
0.00812077709215169
0.027220363639692564
0.027220363639692564
0.00812077709215169
0.00812077709215169
0.0555266369915941
0.016920239454910047
0.027220363639692564
0.027220363639692564
0.009459465404977819
0.006195187943962848
-1.1093058026448948
0.01558617397691807
0.008200452521968304
0.6747697652399598
0.027142431109903182
0.027220363639692564
-0.09416971842408954
0.00812077709215169
0.08907879043976531
0.027220363639692564
0.017623624108759867
0.027220363639692564
0.027220363639692564
0.00812077709215169
0.027220363639692564
0.02159004959455771
0.0010115791758092197
-0.7751378590457574
0.027220363639692564
0.027220363639692564
-0.03856000319786375
0.00812077709215169
0.027220363639692564
0.00812077709215169
0.027220363639692564
0.027220363639692564
-0.0017054276766528625
0.00812077709215169
0.00361184492454208
0.82308143233022
0.027220363639692564
0.01602911956955482
0.027220363639692564
0.027220363639692564
0.027220363639692564
0.027220363639692564
0.3653770354823383
0.006195187943962848
0.00812077709215169
0.027220363639692564
0.027220363639692564
0.00812077709215169
0.027220363639692564
0.027220363639692564
0.027220363639692564
0.027220363639692564
0.027220363639692564
0.027220363639692564
0.8261673453851828
-0.00835365343436257
0.00812077709215169
0.7970613805519183
0.027220363639692564
-0.01642594789397992
0.027220363639692564
0.00812077709215169
0.027220363639692564
0.027220363639692564
-0.010047071699875364
0.027220363639692564
-0.8135287808097749
0.8261673453851828
0.00812077709215169
0.027220363639692564
0.027220363639692564
0.08907879043976531
0.027220363639692564
0.027220363639692564
0.027220363639692564
0.0030801110248034344
0.06573123365583607
0.027220363639692564
0.00812077709215169
0.027220363639692564
0.027220363639692564
0.027220363639692564
0.2560040957813719
0.3037201705706516
0.2560040957813719
0.5115278496752735
0.11759761459975056
0.5115278496752735
0.5115278496752735
0.2560040957813719
0.004431688498307188
0.5115278496752735
0.5115278496752735
0.5115278496752735
0.6747697652399598
0.5115278496752735
-0.07058413129358315
0.2560040957813719
0.5115278496752735
0.5115278496752735
0.6747697652399598
0.010164675954094267
0.5115278496752735
0.6747697652399598
0.6747697652399598
0.5115278496752735
0.5115278496752735
0.5115278496752735
0.2560040957813719
0.5115278496752735
0.5115278496752735
0.2560040957813719
0.2560040957813719
0.5115278496752735
0.2560040957813719
0.2560040957813719
0.5115278496752735
0.02821898725863264
-0.10541557336174742
-0.007947424935632972
0.5115278496752735
-0.0015909772415308684
0.5115278496752735
0.5115278496752735
0.5115278496752735
0.0003036048852210058
0.5115278496752735
0.5115278496752735
0.5115278496752735
0.6747697652399598
0.5115278496752735
0.6747697652399598
0.2560040957813719
0.5115278496752735
0.5115278496752735
0.0001586902175276706
0.5115278496752735
0.11759761459975056
0.5115278496752735
0.5115278496752735
0.5115278496752735
0.04460848875667675
0.5115278496752735
0.5115278496752735
0.5115278496752735
0.2560040957813719
-0.795437479278322
0.010164675954094267
0.02789038420730667
0.5115278496752735
0.6747697652399598
0.2560040957813719
0.5115278496752735
0.5115278496752735
0.5115278496752735
0.5115278496752735
0.5115278496752735
0.5115278496752735
-0.016650758892317583
-0.0016700302070520427
0.5115278496752735
-0.01639663078910791
0.5115278496752735
0.5115278496752735
0.2560040957813719
0.2560040957813719
0.5115278496752735
0.010154052563452053
0.6747697652399598
0.5115278496752735
0.2560040957813719
0.11759761459975056
0.6747697652399598
0.09418880732914978
0.5115278496752735
0.5115278496752735
0.5115278496752735
0.5115278496752735
0.6747697652399598
0.2560040957813719
0.5115278496752735
0.5115278496752735
0.5115278496752735
0.2560040957813719
0.2560040957813719
0.2560040957813719
0.5115278496752735
0.2560040957813719
0.2560040957813719
0.2560040957813719
0.5115278496752735
0.5115278496752735
0.5115278496752735
0.5115278496752735
0.5115278496752735
0.5115278496752735
0.5115278496752735
0.2560040957813719
0.2560040957813719
0.2560040957813719
0.5115278496752735
-0.825461471722429
0.5115278496752735
0.6747697652399598
-0.044735280583896385
0.023345232917226257
0.5115278496752735
0.5115278496752735
0.5115278496752735
0.2560040957813719
0.0024931354937252678
0.2560040957813719
0.6747697652399598
0.5115278496752735
0.5115278496752735
0.027087903237622436
0.2560040957813719
0.2560040957813719
0.2560040957813719
0.2560040957813719
0.6747697652399598
0.2560040957813719
0.2560040957813719
0.5115278496752735
0.5115278496752735
0.2560040957813719
0.00021860448084497854
0.00021860448084497854
0.00021860448084497854
0.013908176226884365
0.004532062940828247
0.0234257382994368
0.2560040957813719
0.2560040957813719
0.2560040957813719
0.5115278496752735
-0.03736600878539417
0.6747697652399598
0.5115278496752735
-0.020392372784884105
-0.020392372784884105
0.0027540310287549915
0.04884966998248283
0.5115278496752735
0.5115278496752735
0.5115278496752735
0.2560040957813719
0.2560040957813719
0.5115278496752735
0.2560040957813719
0.2560040957813719
0.5115278496752735
0.008200452521968304
0.5115278496752735
0.5115278496752735
0.2560040957813719
0.5115278496752735
0.11759761459975056
0.11759761459975056
0.061890213976760006
0.5115278496752735
-0.49956057856709146
0.5115278496752735
0.5115278496752735
0.5115278496752735
0.5115278496752735
0.5115278496752735
0.5115278496752735
0.5115278496752735
0.5115278496752735
0.2560040957813719
0.5115278496752735
0.11759761459975056
0.003977044091531349
0.003977044091531349
-0.003435878417982506
0.003977044091531349
0.5115278496752735
0.2560040957813719
0.5115278496752735
0.5115278496752735
0.6747697652399598
0.00021860448084497854
-0.027450509438527435
-0.0420492890523952
-0.0420492890523952
-0.0420492890523952
-0.0420492890523952
-0.0420492890523952
-0.4269860875992718
-0.03937468446773865
-0.0341803444151316
-0.007947424935632972
-0.0029539001642595497
-0.012539750719783974
-0.0420492890523952
0.0027574504326179543
-0.03937468446773865
0.0023451549818887807
-0.03937468446773865
-0.42281132118260306
-0.0420492890523952
0.012623824897288385
-0.03937468446773865
-0.011897948533563248
0.014242564046395982
0.030183708662194955
-0.007947424935632972
-0.007947424935632972
0.00013159891148523307
-0.03937468446773865
-0.03937468446773865
0.0009091381518272927
-0.0076641123864433875
0.1126137504742424
0.09359290151031298
-0.0420492890523952
-0.03937468446773865
-0.0009784308771959315
-0.03937468446773865
-0.03937468446773865
-0.012539750719783974
0.0023451549818887807
0.0023451549818887807
-0.0420492890523952
-0.0026246331510184425
-0.012539750719783974
-0.03937468446773865
-0.03937468446773865
-0.007947424935632972
-0.007947424935632972
-0.007947424935632972
-0.007947424935632972
-0.007947424935632972
-0.007947424935632972
-0.007947424935632972
-0.007947424935632972
-0.03937468446773865
-0.03937468446773865
-0.03937468446773865
-0.03937468446773865
-0.03937468446773865
-0.0420492890523952
-0.0420492890523952
-0.007947424935632972
-0.0420492890523952
-5.2038015098976864e-05
0.038404019001416996
-0.0420492890523952
-0.03937468446773865
-0.0420492890523952
-0.03937468446773865
-0.012539750719783974
-0.03937468446773865
-0.03937468446773865
-0.03937468446773865
0.0023451549818887807
0.0023451549818887807
0.0023451549818887807
0.0023451549818887807
0.0023451549818887807
0.0023451549818887807
0.0023451549818887807
-0.03937468446773865
0.0023451549818887807
-0.4761660499067995
0.0023451549818887807
-0.007026443363144399
-0.0420492890523952
-0.0420492890523952
0.013190101415662108
-0.04194288915549426
-0.012539750719783974
-0.004555260004128304
0.0023451549818887807
-0.0420492890523952
-0.004883290494412559
-0.4970228769901387
-0.03937468446773865
0.04460848875667675
-0.03937468446773865
-0.0420492890523952
0.012623824897288385
-0.03937468446773865
-0.0420492890523952
-0.05603033509946602
-0.03937468446773865
-0.0420492890523952
-0.059119741591081396
-0.0420492890523952
-0.0420492890523952
-0.007947424935632972
-0.007947424935632972
0.001720109534501362
-0.0420492890523952
0.0023451549818887807
-0.03937468446773865
0.0023451549818887807
-0.012539750719783974
-0.012539750719783974
-0.03937468446773865
-0.012539750719783974
-0.012539750719783974
-0.03937468446773865
0.0023451549818887807
-0.012539750719783974
0.0023451549818887807
-0.007947424935632972
-0.007947424935632972
-0.03517396342113632
-0.03937468446773865
0.008251179212284883
-0.007947424935632972
-0.0420492890523952
-0.03937468446773865
-0.0420492890523952
0.009909216607244739
-0.0420492890523952
-0.0420492890523952
-0.03937468446773865
-0.0420492890523952
-0.0420492890523952
-0.0420492890523952
-0.0420492890523952
-0.03937468446773865
-0.03937468446773865
0.0023451549818887807
-0.04194288915549426
-0.03937468446773865
-0.0420492890523952
0.0023451549818887807
-0.012539750719783974
0.030183708662194955
-0.03937468446773865
-0.0420492890523952
-0.0420492890523952
-0.0420492890523952
-0.0420492890523952
-0.007947424935632972
-0.0420492890523952
-0.013792148882213919
-0.0420492890523952
-0.03937468446773865
-0.007947424935632972
-0.03937468446773865
-0.13796298644183536
-0.059119741591081396
-0.0420492890523952
0.005078047123170551
-0.059119741591081396
-0.007947424935632972
-0.03937468446773865
-0.0420492890523952
-0.0420492890523952
-0.8093158766339111
-0.03937468446773865
-0.03937468446773865
-0.13796298644183536
-0.0420492890523952
0.0023451549818887807
-0.012539750719783974
0.7649765829362033
-0.0420492890523952
-0.007947424935632972
-0.0420492890523952
0.022415727733652094
-0.0420492890523952
-0.0420492890523952
-0.03937468446773865
-0.03937468446773865
-0.012539750719783974
0.8299523939230906
-0.007947424935632972
-0.03937468446773865
-0.059119741591081396
-0.03937468446773865
-0.012539750719783974
-0.012539750719783974
-0.0420492890523952
-0.0420492890523952
-5.2038015098976864e-05
-0.012539750719783974
0.015062389042845426
-0.03937468446773865
0.040890499128450004
0.007265028335265301
0.01759756360359068
0.014939724057291376
0.0008252065934104678
0.008151228045484727
0
0.06573123365583607
0.9114007133973604
-0.4269860875992718
0.006317041554438636
0.02907460178057583
0.013161675546170244
-0.28296253578032426
0.9967812203352634
-0.0536279715966615
-0.0014437436868489123
0.056739363429594514
-0.0019120443251200157
0.038397000547697256
-0.027592514293127677
-0.8157091659147795
-0.03452743050627023
-0.027592514293127677
0.00608845606610434
-0.8256003144584085
-0.10874119260419723
0.00617908686752074
0.047870160167174804
0.008331477106396945
-0.012943605554666952
0.9114007133973604
0.047870160167174804
0.16899300481105345
0.034080003170706294
0.00572816211256881
-0.011430460202745279
0.8244226286104793
0.0076274118915841075
-0.0023669080341335046
0.04884966998248283
-0.8151508569393873
0.014939724057291376
0.005104456208345184
0.022698412838831877
0.06573123365583607
0.0003036048852210058
-0.020392372784884105
0.007331558761722343
0.02907460178057583
0.8299523939230906
0.00443078385019781
0.014939724057291376
0.03255355472780295
0.02907460178057583
0.014939724057291376
-0.03517583911354659
0.00608845606610434
0.014939724057291376
0.0015984551126001156
-0.003979480636954252
0.9114007133973604
0.04450594813840755
-0.029064517858989676
0.007473331229652286
-0.07518630031312608
0.0003371208527448019
0.509310819915855
-0.814940298017049
0.00443078385019781
0.06420105042716005
-0.01384337354396685
0.0010315154622636464
0.00361184492454208
0.014939724057291376
0.014939724057291376
0.08290427660993509
0.0048303229326323955
0.9114007133973604
0.8299523939230906
0.04762930798245832
0.08290427660993509
0.014939724057291376
-0.007504338251089253
0.014939724057291376
0.02907460178057583
0.8244226286104793
0.9114007133973604
0.00608845606610434
0.9114007133973604
0.006177385465113198
0.9114007133973604
0.9114007133973604
0.9114007133973604
0.011344121301098372
-0.01224627955329277
-0.029064517858989676
0.005100796948240375
0.2866702391320496
0.0426850325861403
0.9114007133973604
0.07064578015740376
0.009909216607244739
0.9114007133973604
0.043965815120442404
0.004681612062689247
0.008151228045484727
0.008151228045484727
-0.029064517858989676
0.019720166851048986
0.047870160167174804
-0.029064517858989676
0.02907460178057583
0.02176248050391917
0.004914106626798923
0.004914106626798923
-0.029064517858989676
-0.035280363318037265
-3.115359076169869e-06
0.018383719409686448
-0.029064517858989676
-0.029064517858989676
0.004820612489623487
0.006289462236388572
-0.029064517858989676
-0.029064517858989676
0.025669431601168483
0.013639354646492678
-0.029064517858989676
-0.029064517858989676
-0.029064517858989676
-0.029064517858989676
0.021160383240223724
0.011171740188880546
0.014939724057291376
0.0005895766018807216
-0.029064517858989676
-0.027592514293127677
0.0010115791758092197
0.010347680456954307
0.03289034940925694
0.03289034940925694
0.8299523939230906
0.04676134376889356
0.7995213594475066
0.005386324640369343
0.004617871718835955
0.021930247080826783
0.03227036667147245
-0.029064517858989676
0.047870160167174804
0.0076274118915841075
-0.07010927403140006
-0.8299523939230906
0.01602911956955482
0.8299523939230906
0.8299523939230906
0.014939724057291376
0.014939724057291376
-0.027592514293127677
-0.09546278425382172
-0.013897967812439113
0.41882625444820176
0.014939724057291376
0.014939724057291376
-0.027592514293127677
-0.013191097358534815
-0.013191097358534815
0.8299523939230906
0.7190873531428442
-0.8204409734982531
-0.005278812607260547
-0.027592514293127677
0.018828698385688312
0.03289034940925694
0.02907460178057583
0.055747155342659456
0.027087903237622436
0.8244226286104793
0.8244226286104793
0.01617998756500266
-0.09546278425382172
0.08970540449717723
0.1433871403123197
0.11920910826445917
0.7736268447571061
0.01781936008134269
0.14054893053205866
0.00605056873932175
-0.013107936128663724
-0.8152993354226602
-0.006911835237067559
-0.027592514293127677
0.9114007133973604
-0.005219296721092321
0.026263345534259852
0.06573123365583607
-0.0014437436868489123
0.073344054984335
-0.0014437436868489123
0.05581853124853685
-0.01941616922599094
0.07774338363880312
0.1126137504742424
-0.007498868864813299
-0.03918246749330607
0.05121827111949995
-0.04050549460445887
-0.08166515768580791
0.027087903237622436
-0.02337975893681346
0.02352554837432999
0.0012658267921636193
0.01746966793968713
-0.004388954249544087
-0.002568536668713181
-0.010721735980541255
-0.026756005275292597
-0.6091112088605038
-0.005196157648349746
-0.026756005275292597
0.05747760608398911
0.0210216400985316
-0.026756005275292597
0.002757765814527645
0.004911932151526845
-0.014316453773687319
-0.0012868411867777518
-0.10255633823084827
-0.7574787246914971
0.4894334915148163
0.010173307458991067
0.015341255025471368
0.4894334915148163
0.4716872293163192
-0.03452743050627023
0.4894334915148163
0.03047438742491844
0.4894334915148163
0.4716872293163192
-0.026756005275292597
0.002107365321505876
0.006449388668266263
-0.026756005275292597
0.4894334915148163
0.01715212815377216
-0.026756005275292597
0.4716872293163192
0.0035959712550559073
-0.0010084526067829236
0.028916537347153184
0.00470984704313051
-0.4011053013057069
-0.0008887462215086023
0.0025318638370626697
-0.7860492402083893
0.01759756360359068
0.03169637989535918
0.4716872293163192
-0.0043138601569419266
0.4716872293163192
-0.026756005275292597
-0.10541557336174742
-0.004839311317058574
-0.024711367755719423
-0.026756005275292597
-0.3653770354823383
0.4894334915148163
0.376822931617784
0.0076274118915841075
0.4716872293163192
-0.0013733969219399907
0.015023632244317003
-0.026756005275292597
0.4716872293163192
-0.05875613114777974
0.038404019001416996
0.4716872293163192
0.0016377782570241913
0.011386282882709665
-0.7950960532831086
-0.026756005275292597
0.4894334915148163
0.4894334915148163
0.0028225021012536463
0.005956775819284502
-0.07680412651460036
0.4716872293163192
-0.026756005275292597
-0.026756005275292597
0.021604822747169537
0.4894334915148163
0.03890385247466609
-0.011290008405014585
0.4894334915148163
0.06948112456205938
0.4716872293163192
-0.02232978616326136
0.017406998234422003
-0.00334907369710209
0.010199616949878431
0.08469415194266962
0.0010430841686825403
0.0058822543938341475
0.8210353854027809
0.001720109534501362
0.4894334915148163
0.09462287243117155
0.4894334915148163
0.047870160167174804
0.0020469945843719106
0.4716872293163192
0.4716872293163192
0.38909898007732263
-0.8232853199465148
0.4384475898913814
0.04308208181139309
0.0004159223426906175
-0.010479061920912334
0.4716872293163192
0.4716872293163192
0.04911326286279281
0.8087991482734544
-0.026756005275292597
0.4894334915148163
0.03180526964944189
0.01558617397691807
-0.0031194009711317536
0.046256799109579826
-0.0014437436868489123
-0.009704633342142697
0.1057741127959222
0.4894334915148163
-0.8224907401236207
0.003549357808803611
0.0016869861344598917
0.4894334915148163
0.8299523939230906
-0.026756005275292597
0.0077173787310853715
0.001597210184009231
-0.012462233166191558
0.0005217993695833854
-0.10541557336174742
0.025600794538191043
-0.00022782193213188837
0.4894334915148163
-0.019156670673194903
0.0016869861344598917
0.005956775819284502
-0.038670552856734305
-0.10169987649415374
0.4894334915148163
-0.026756005275292597
0.00608845606610434
0.01520082708041958
0.4894334915148163
0.4894334915148163
0.0004159223426906175
-0.013128518948033015
-0.0001470559448696567
0.4716872293163192
0.0002558693433321253
-0.026756005275292597
-0.044735280583896385
0.008164864163316883
0.010173307458991067
-0.7950283408744928
0.047870160167174804
0.014105704896638059
-0.8221038578151935
0.05498442909264415
0.0647725556456155
0.4127085718009416
0.053205675121988164
-0.010556828460222926
0.002140754306313402
-0.004555260004128304
0.4716872293163192
0.027788988923341088
-0.67478494442951
-0.15220828933113126
-0.004985714919346606
0.4894334915148163
0.02952248558995643
0.4894334915148163
0.03180526964944189
-0.008091703859792564
-0.026756005275292597
0.0012540497676938507
-0.0405147070760314
0.00021860448084497854
0.0005895766018807216
-0.026756005275292597
-0.1090061964035769
-0.026756005275292597
0.060816338574262926
-0.012823594438505673
-1.071514407008858
0.4894334915148163
0.4894334915148163
