-0.032366400462973295
-0.051859492339044924
-0.46522057412113665
-0.5001941353344845
0.0642901873142674
-0.5013287105473223
0.12977799593296582
0.12977799593296582
-0.042508999683389205
-0.6320871105560312
-0.032366400462973295
-0.0345055336145977
-0.8299523939230906
-0.0052445604719633405
-0.40076383436162377
0.0004087889018648487
-0.025062487415492524
-0.0179793417047953
0.0004087889018648487
0.12977799593296582
0.033670714199985595
-0.012081782988817213
0.005100796948240375
-0.025062487415492524
0.06870246322608073
0.41219159143441175
-0.6320871105560312
0.01499242603430549
0.01200609133049143
-0.8299523939230906
-0.0006912814580892388
0.0004087889018648487
-0.357470339936773
-0.8299523939230906
0.012981534379069236
0.0004087889018648487
-0.0003330856242055478
0.04880327564366253
0.0019410926589073238
0.033670714199985595
0.04880327564366253
-0.10568281803259066
0.12977799593296582
-0.4835396597877014
0.033670714199985595
0.8261673453851828
-0.01396295308488329
-0.006015486651630621
0.013562418059576007
0.12977799593296582
-0.011287103571635855
0.012026176178424367
0.005846350653273035
0.008348823111429936
-0.5871620280695423
-0.028083846110330143
-0.4436500598186506
0.060153040621039586
-0.0007517883074158077
0.04880327564366253
0.05303005719543405
0.04880327564366253
-0.036284107743247855
0.04880327564366253
0.033670714199985595
-0.027217491174457195
-0.027217491174457195
0.04880327564366253
-0.010721735980541255
0.06875641013168572
0.013963036080122681
0.011516751399034374
0.011516751399034374
-0.8299523939230906
-0.01549587515645924
-0.6320871105560312
0.0008994028102465749
-0.025062487415492524
0.001211730495127712
-0.1281422676583546
0.005846350653273035
-0.02977279923196364
0.12977799593296582
0.46360303901790284
0.46360303901790284
-0.025062487415492524
-0.025062487415492524
-0.04690030601801767
-0.8299523939230906
-0.061866062362096845
-0.10106330300801472
-0.10106330300801472
0.04880327564366253
-0.9114007133973604
-0.019630034021068936
-0.48306219036230974
-0.011226450650687956
0.622425846952084
0.020768562715052633
0.020768562715052633
-0.012081782988817213
-0.015231784304712911
0.005846350653273035
0.011062717642414809
-0.009093797617178151
-0.020729118071824277
-0.012081782988817213
-0.016487419281479156
-0.006015486651630621
0.0043281021400216465
-0.002906327293039878
0.020115340383891525
0.004850806157714408
0.0002707055723258944
-0.01396295308488329
0.04880327564366253
0.0004087889018648487
0.01539013922147344
-0.025062487415492524
-0.06702675614465424
0.05500609085012553
0.033670714199985595
0.0004087889018648487
0.020768562715052633
-0.030601066822527064
0.592746132827065
0.015688092130891826
0.015688092130891826
-0.826114030091675
-0.0007517883074158077
-0.0345055336145977
-0.45097435965134997
0.060153040621039586
-0.00403810017453704
0.005088359659725437
0.04880327564366253
0.010096204881595612
0.0004087889018648487
-3.1788006639648285e-05
0.016626925979373687
-0.04180833868373123
0.016797572491088212
0.060153040621039586
-0.47332806503160785
-0.10255633823084827
-0.10255633823084827
0.022441497755483406
0.033670714199985595
0.04786650837664154
0.04786650837664154
0.0007806781202958767
0.01883761207439905
-0.012081782988817213
0.01883761207439905
0.024779058672967792
0.007331558761722343
-9.146075381032541e-05
0.12977799593296582
0.09068972803637003
0.09068972803637003
0.009432408956935924
-0.006015486651630621
-0.006015486651630621
0.060153040621039586
-0.03070417180842413
0.12977799593296582
-0.025062487415492524
-0.10568281803259066
0.005846350653273035
-0.012081782988817213
0.0004087889018648487
0.005846350653273035
0.005846350653273035
-3.1788006639648285e-05
0.001498520544847836
0.001498520544847836
-0.0420492890523952
-0.025062487415492524
-0.0040883703910369615
-0.012081782988817213
-0.6311425693901273
-0.02977279923196364
-0.005198888191725754
0.033670714199985595
0.0004087889018648487
0.005502252390752521
-0.0179793417047953
0.0022265049876535356
0.005846350653273035
0.04762930798245832
0.009261604754266552
0.009261604754266552
-0.01396295308488329
-0.10568281803259066
-0.02993654883928466
-0.05589704474500196
0.007268216795018135
0.007268216795018135
0.0010115791758092197
0.007268216795018135
-0.025062487415492524
0.04880327564366253
-0.012081782988817213
0.8299523939230906
0.48710384409068747
0.005385254001781183
-0.8299523939230906
-0.009591751517045218
-0.009591751517045218
-0.01396295308488329
0.022454362017589213
0.8299523939230906
-0.0420492890523952
0.04880327564366253
0.01200609133049143
0.0013177486139274478
0.9114007133973604
0.6136951066008491
-0.02977279923196364
-0.01396295308488329
-0.8299523939230906
0.050192200974892826
-0.01396295308488329
0.033670714199985595
-0.004177216794806428
-0.0420492890523952
0.046848322779776685
-0.0007517883074158077
-0.01396295308488329
-0.006734897686207095
0.005846350653273035
-0.0420492890523952
-0.006734897686207095
0.05065091566301411
-0.03616036184131392
0.012982827739514704
-0.03693927216301073
0.060153040621039586
0.008169586592438306
0.008169586592438306
0.008169586592438306
0.0022265049876535356
-0.10229412240820268
0.5133074229016024
-0.9114007133973604
-0.025062487415492524
0.0004087889018648487
-0.012081782988817213
-0.028232278614240366
-0.015833665780785936
0.0022265049876535356
0.04880327564366253
-0.9114007133973604
-0.034403933590054475
-0.015166384056071774
0.02278592799896149
0.060153040621039586
0.026587358948847423
0.026587358948847423
0.033670714199985595
-0.6320871105560312
0.12977799593296582
-0.016361515503321024
0.04858748802124252
0.8299523939230906
0.04858748802124252
0.04858748802124252
0.006449388668266263
-0.015725356993378972
-0.015725356993378972
-0.0007517883074158077
-0.0008274832855511692
0.014460509545040183
0.012873972548816804
0.04880327564366253
-0.6320871105560312
-0.0006912814580892388
-0.8299523939230906
-0.025062487415492524
-0.8299523939230906
0.060153040621039586
-0.0420492890523952
0.033670714199985595
-0.6320871105560312
0.026278782648786813
0.0004087889018648487
-0.0052445604719633405
-0.7644921191859719
-0.025062487415492524
0.0004087889018648487
-0.0420492890523952
-0.02977279923196364
0.013387713080655197
0.013387713080655197
-0.024798147578028017
0.05065091566301411
0.0647650860740702
-0.0003330856242055478
0.01711768512942435
-0.023443914256863714
-0.023443914256863714
0.004291833220407208
0.12977799593296582
-0.04474057568016961
-0.04474057568016961
0.0004087889018648487
-0.01396295308488329
-0.025062487415492524
-0.035090470210307666
0.8299523939230906
0.005078047123170551
-0.027522466311080563
-0.025062487415492524
-0.8299523939230906
-0.8299523939230906
0.060153040621039586
0.0024140825282040934
0.6112986412112728
0.6112986412112728
-0.07502331426200748
-0.025062487415492524
-0.006015486651630621
0.9114007133973604
-0.012081782988817213
-3.1788006639648285e-05
-0.6851781683159966
-0.8299523939230906
0.060153040621039586
-0.6320871105560312
-0.025062487415492524
-0.014571059203910736
-0.006015486651630621
0.060153040621039586
-0.0032746020687953715
0.0017570922131745748
-0.8299523939230906
-0.0007517883074158077
-0.002799612014229248
-0.4617684131773679
-0.002799612014229248
0.0004087889018648487
-0.01396295308488329
0.04880327564366253
0.030934317607259
0.0004087889018648487
0.04880327564366253
-0.0025959911815601833
-0.2619144991239557
0.033670714199985595
-0.009467662825930848
-0.009467662825930848
0.6376904392906431
0.6376904392906431
-0.025007378576536034
-0.0019849556429261594
-0.8299523939230906
0.005846350653273035
0.033670714199985595
-0.8299523939230906
0.4846502475328963
0.033670714199985595
0.025727943244940064
0.16899300481105345
0.12977799593296582
-0.0420492890523952
0.0027318298022175483
0.04880327564366253
0.006124019526183943
0.0004087889018648487
0.034154034924244236
0.03771442863203583
0.03771442863203583
-0.016361515503321024
-0.01018525877346356
0.012924765635324896
0.033670714199985595
-0.006015486651630621
0.04880327564366253
-0.4309407533258151
0.0004087889018648487
0.12977799593296582
0.06152669482822169
0.06152669482822169
0.06152669482822169
-0.5403013039988346
-0.025062487415492524
0.020768562715052633
-0.10229412240820268
0.12977799593296582
-0.003424376519997363
-0.025062487415492524
-0.025062487415492524
0.03350609109030848
-0.011287103571635855
-0.0046138464497254275
-0.04690030601801767
-0.016487419281479156
-0.025062487415492524
0.014554319064125309
0.014554319064125309
-0.006015486651630621
-0.051859492339044924
-3.1788006639648285e-05
-4.756083549869202e-06
0.005846350653273035
-0.006015486651630621
-0.012081782988817213
-0.5043715646614298
0.0004087889018648487
0.00807490562333956
0.00807490562333956
-0.004307245436362359
-0.8299523939230906
-0.019630034021068936
-0.025062487415492524
-0.012081782988817213
-0.0007517883074158077
-0.10541557336174742
-0.10541557336174742
-0.10541557336174742
-0.10541557336174742
-0.10541557336174742
0.018807551198691153
0.007597425711591667
-0.8151508569393873
-0.03306297950719295
-0.036284107743247855
-0.0052445604719633405
-0.474366761840831
0.6996269095738118
0.6996269095738118
0.6996269095738118
0.6996269095738118
0.004093814878741097
-0.025062487415492524
-0.0420492890523952
0.033670714199985595
0.4512404515580815
-0.6320871105560312
-0.025062487415492524
-0.01673996549542601
0.00024154353506061882
-0.025062487415492524
-0.01673996549542601
-0.015283241353136141
-0.40076383436162377
-0.0052445604719633405
-0.036284107743247855
0.00531328219008496
-0.6320871105560312
0.0013617609893771892
-0.025062487415492524
0.12977799593296582
-0.025062487415492524
0.007331558761722343
0.033670714199985595
-0.012081782988817213
-0.01396295308488329
-0.10229412240820268
0.043737080240677205
-0.010663394347602653
0.00139661069039802
0.12977799593296582
0.5730786748002675
-0.3653770354823383
0.0048534205077552664
-0.8299523939230906
-0.025062487415492524
0.033670714199985595
0.12977799593296582
0.5073312207770059
0.005846350653273035
-0.017448587148881485
0.033670714199985595
0.04880327564366253
0.005846350653273035
-0.004307245436362359
-0.8299523939230906
-0.0052445604719633405
0.020614191569782937
-0.8299523939230906
-0.025062487415492524
0.04880327564366253
-0.06769664391988532
-0.8299523939230906
-0.8299523939230906
0.034154034924244236
0.060153040621039586
-0.029231753266365172
-0.029231753266365172
-0.011435997031105658
0.020768562715052633
0.020768562715052633
-0.028083846110330143
-0.8299523939230906
-0.02088683093118667
0.0007806781202958767
0.0017978345761922594
0.033670714199985595
0.9939861470413847
-0.025062487415492524
0.021223808202167325
-0.9435556964347903
0.060153040621039586
-0.9435556964347903
0.012534688010181044
-0.012081782988817213
0.012534688010181044
0.005846350653273035
0.005846350653273035
0.005846350653273035
-0.6320871105560312
-0.014571059203910736
0.0004087889018648487
0.033670714199985595
0.01936216688593026
-0.025062487415492524
-0.025062487415492524
0.01936216688593026
-0.0420492890523952
-0.02977279923196364
-0.0020989911018511925
-0.0420492890523952
0.033670714199985595
0.009990468946609812
0.0004087889018648487
0.022454362017589213
0.6136951066008491
0.009990468946609812
0.033670714199985595
0.009432408956935924
0.43046727377349137
0.43046727377349137
-0.8299523939230906
-0.7722973440172807
-0.7722973440172807
0.4384475898913814
-1.213887100878984
0.8299523939230906
0.060153040621039586
0.5649069036343947
-0.03517396342113632
0.060153040621039586
0.12977799593296582
-0.0045807313492078955
0.046848322779776685
-0.010506782330869364
0.060153040621039586
-0.025062487415492524
0.0
-0.8299523939230906
-0.5043715646614298
0.5052930352742709
-0.0019041016807101719
0.0016377782570241913
0.0016377782570241913
0.0016377782570241913
0.005846350653273035
-0.025062487415492524
-0.025062487415492524
0.033670714199985595
0.005846350653273035
0.7225211427196101
0.9967812203352634
0.060153040621039586
-0.0052445604719633405
0.00139661069039802
-0.011853878061445932
-0.012081782988817213
-0.01396295308488329
0.0004087889018648487
0.2357312149509677
0.04880327564366253
-0.0179793417047953
0.12977799593296582
-0.04381318687519995
0.0004087889018648487
0.009990468946609812
-0.012081782988817213
0.033670714199985595
0.033670714199985595
0.004850806157714408
0.0022265049876535356
-0.006015486651630621
0.004850806157714408
0.011386282882709665
-0.025062487415492524
0.00012283627411019312
-0.012081782988817213
0.0023322741207350943
0.0023322741207350943
0.0023322741207350943
-0.7673341457063811
0.8299523939230906
0.009990468946609812
-0.0022995348436551256
-0.01396295308488329
-0.7898399997367342
-0.025062487415492524
-0.006015486651630621
0.02836802181000941
0.0004087889018648487
-0.0007087959434581978
0.020768562715052633
0.12977799593296582
-0.03599453735300808
0.04880327564366253
0.04880327564366253
0.0004087889018648487
0.005100796948240375
-0.025062487415492524
-0.006015486651630621
-0.0052445604719633405
-0.01834402278668511
0.0011554597228197263
0.00608845606610434
-0.025062487415492524
-0.01396295308488329
-0.0007517883074158077
0.04880327564366253
-0.025062487415492524
0.0004087889018648487
0.033670714199985595
-0.002799612014229248
-0.025062487415492524
0.033670714199985595
-0.8299523939230906
-0.826114030091675
0.8299523939230906
0.8299523939230906
-0.0420492890523952
0.0070677334947420725
-0.0420492890523952
0.0016377782570241913
-0.012081782988817213
0.033670714199985595
0.0004087889018648487
0.033670714199985595
0.034154034924244236
0.034154034924244236
-0.01290672247028101
-0.0019849556429261594
-0.025062487415492524
-0.025062487415492524
-0.02977279923196364
-0.012081782988817213
0.045831880082939085
0.060153040621039586
0.0004087889018648487
0.06870246322608073
-0.025062487415492524
0.004850806157714408
0.0009543622577721617
-0.025062487415492524
0.004850806157714408
-0.051859492339044924
-0.02622995654945232
0.0004087889018648487
-0.0007517883074158077
-0.03989954636165561
-0.002799612014229248
-0.002799612014229248
-0.014571059203910736
0.0004087889018648487
-0.10541557336174742
0.04880327564366253
-0.006015486651630621
-0.003979480636954252
-0.01396295308488329
0.022330782106134064
-0.001007055935262339
-0.7898399997367342
0.060153040621039586
0.00928559037845093
0.005846350653273035
0.005956775819284502
-0.6320871105560312
-0.025062487415492524
0.038555106478739595
0.12977799593296582
-0.002799612014229248
0.04880327564366253
1.2101369649039173
-0.06769664391988532
-0.019630034021068936
-0.0052445604719633405
0.0004087889018648487
-0.006557719449152393
7.937888782626797e-05
0.08807786785269406
-0.015833665780785936
0.04910761918651413
0.04910761918651413
-0.025062487415492524
0.012534688010181044
-0.022556022886320852
0.04290903673726013
0.046848322779776685
0.046848322779776685
0.046848322779776685
0.046848322779776685
0.01716333251109012
-0.02605643840245482
0.012284291372934448
0.1816007503001102
0.03862216663216859
0.47503267629664736
0.47503267629664736
-0.08061045418361044
-0.004555260004128304
-0.6320871105560312
0.02241742913605964
0.8638204608151376
0.013037249083273292
-0.49973661527443286
0.005100796948240375
0.001498520544847836
0.009657658036646649
0.04880327564366253
0.04786650837664154
-0.82291723605981
-0.025062487415492524
-0.0017054276766528625
-0.025062487415492524
0.027220363639692564
0.04880327564366253
0.04529241102688907
-0.025062487415492524
0.009432408956935924
-0.8825232776879645
0.033670714199985595
-0.8299523939230906
-0.009085737841994249
0.033670714199985595
-0.012081782988817213
-0.0420492890523952
0.12977799593296582
0.0004087889018648487
0.45766542391446136
0.04880327564366253
-0.0007517883074158077
0.005846350653273035
0.020768562715052633
-0.0345055336145977
0.0047711058293259745
0.04786650837664154
-0.025062487415492524
0.0017978345761922594
0.0017978345761922594
0.0017978345761922594
0.0017978345761922594
-0.002555680706131312
0.005846350653273035
-0.8299523939230906
0.04880327564366253
-0.025062487415492524
1.213887100878984
-0.06769664391988532
-0.01396295308488329
0.6996269095738118
-0.1281422676583546
-0.0007517883074158077
-0.8038366139244703
-0.010663394347602653
0.0016905051326101255
0.04880327564366253
0.005932234126996196
0.05303005719543405
-0.474366761840831
0.09603628135802258
0.05868510382190781
0.05868510382190781
-0.0420492890523952
0.12977799593296582
-0.5001996159293581
0.005806811721226538
-0.9114007133973604
-0.01396295308488329
-0.0018320120157740124
-0.6320871105560312
-0.006015486651630621
-3.1788006639648285e-05
-0.002799612014229248
0.04880327564366253
-0.006015486651630621
0.004850806157714408
-0.5001996159293581
-0.002799612014229248
0.0004087889018648487
-3.1788006639648285e-05
-0.0052445604719633405
-0.012081782988817213
0.012982827739514704
0.04635582902922273
0.005846350653273035
-0.6320871105560312
-0.8825232776879645
0.0016377782570241913
0.04880327564366253
0.4300015937661156
0.12977799593296582
0.7325795508040889
0.04880623857370883
0.02836802181000941
0.02836802181000941
-0.012081782988817213
-0.0007517883074158077
0.03466991673325895
0.03239138203003038
0.003702641716437266
0.033670714199985595
-0.01396295308488329
0.04880327564366253
0.04880327564366253
-0.6320871105560312
-0.02846014652573487
-0.01396295308488329
-0.1281422676583546
0.002019224377271244
-0.0179793417047953
-0.006015486651630621
-0.01396295308488329
-0.006175924748899894
0.12977799593296582
0.014167611045700787
0.9114007133973604
0.005944451026234744
0.8299523939230906
0.04762930798245832
-0.027100103537813107
-0.7938245662156184
0.30591367431204153
0.816804288098561
-0.02374493799013962
-0.006015486651630621
-0.00334907369710209
0.10841834112296116
-0.011287103571635855
0.02116322167741094
0.005846350653273035
0.033670714199985595
-0.00373453678693573
-0.00373453678693573
0.08546891250239681
-0.0008274832855511692
-0.006015486651630621
0.033670714199985595
-0.006015486651630621
0.0004087889018648487
-1.459941425411144
-0.006015486651630621
-0.003424376519997363
-0.02622995654945232
-0.01290672247028101
1.299690667310068
0.6917259376902072
-0.025062487415492524
-0.593545241308014
0.015427238093481798
-1.3471125267993966
-0.4248800302169734
-0.4248800302169734
0.044664400477640184
-0.0179793417047953
-0.03599453735300808
-0.034963736479755606
-0.003424376519997363
-0.006015486651630621
-0.016000096134339333
0.0419144217883827
0.000704682699393915
-0.006914134205198725
-0.006914134205198725
0.033670714199985595
0.5097492675057463
-0.05110738947967181
0.0047711058293259745
0.012133323032479838
0.018093626149438508
-0.002790565533135486
0.08546891250239681
0.08546891250239681
0.012133323032479838
-0.002790565533135486
-0.006015486651630621
-0.8299523939230906
-0.005198888191725754
-0.06560956263488694
-0.003424376519997363
-0.02514217114483308
0.02789038420730667
-0.0007517883074158077
-0.006015486651630621
0.033670714199985595
0.0419144217883827
0.033670714199985595
-0.4319059518502019
-3.1788006639648285e-05
0.02409036417649041
0.003702641716437266
-0.02246374047964055
-0.025062487415492524
-0.0420492890523952
0.04880327564366253
0.006177385465113198
0.006177385465113198
0.006177385465113198
-0.8299523939230906
-0.013976315318425452
0.14117573215871163
-0.01396295308488329
0.023682359579637817
-0.9939861470413847
0.034154034924244236
0.04880327564366253
-0.027956116436905383
0.12977799593296582
0.3974520929095053
0.04880327564366253
0.0576033034081476
0.043737080240677205
-0.0052445604719633405
0.38091417638667346
0.0004087889018648487
-0.0052445604719633405
0.033670714199985595
0.033670714199985595
-0.025062487415492524
-0.01396295308488329
0.8692476628576099
0.8692476628576099
0.8692476628576099
0.8692476628576099
0.8692476628576099
0.8692476628576099
0.040119010673180695
-0.025062487415492524
0.004611588979213956
0.029619922001003003
0.04880327564366253
0.023766682742860402
0.011062717642414809
0.004728836353903472
0.02278592799896149
0.014964124657672715
-0.025062487415492524
0.0004087889018648487
-0.0018320120157740124
-0.6320871105560312
-0.01673996549542601
-0.00011212656841900871
0.033670714199985595
-0.8299523939230906
-0.9733744852702744
-0.0023625839821611655
0.04880327564366253
-0.8299523939230906
0.04880327564366253
0.8863628426086936
-0.012081782988817213
0.8299523939230906
0.8299523939230906
0.022454362017589213
-0.012081782988817213
0.012133323032479838
0.8299523939230906
-0.01396295308488329
0.005846350653273035
0.033670714199985595
0.022454362017589213
0.052136364457657666
-0.6320871105560312
0.0004087889018648487
0.0647650860740702
0.06870246322608073
0.005846350653273035
-0.49019906485152565
0.012873972548816804
-0.0420492890523952
0.016797572491088212
0.016797572491088212
0.016797572491088212
0.033670714199985595
0.007105637420572539
0.0013177486139274478
0.033670714199985595
0.014044454409966538
0.0012896215272973942
0.029297128616434496
-0.01396295308488329
0.060153040621039586
-0.49617269404000075
-0.012081782988817213
0.05638281588116516
-0.03403819016910045
-0.02088683093118667
-0.0052445604719633405
-0.0052445604719633405
-0.011287103571635855
0.005846350653273035
0.033670714199985595
0.00807490562333956
0.002365140235534449
0.00807490562333956
0.04880327564366253
0.00807490562333956
-0.03517396342113632
-0.025062487415492524
-0.0179793417047953
0.04880327564366253
-0.012081782988817213
-0.0007517883074158077
-0.4384475898913814
-0.4384475898913814
-0.051859492339044924
0.12977799593296582
0.48422210346136735
-0.0007517883074158077
0.4725242564343744
-1.0327429618542586e-05
-0.01639663078910791
0.03350609109030848
-0.8299523939230906
-0.006015486651630621
0.012981534379069236
-0.006015486651630621
-0.0004918115296861571
-0.004889407243555771
-0.03243279665448714
-0.019630034021068936
0.00026940503692461697
0.04880327564366253
-0.0007517883074158077
-0.0420492890523952
0.004676059681173903
-0.025062487415492524
0.033670714199985595
-0.8299523939230906
-0.002799612014229248
-0.012081782988817213
0.8299523939230906
-0.792584872456028
0.04880327564366253
-4.756083549869202e-06
-4.756083549869202e-06
-0.015231784304712911
-4.756083549869202e-06
0.30050433009106403
0.06271286278961657
-0.5001996159293581
0.0004087889018648487
0.02626544531381647
0.02626544531381647
-0.02452491669864633
0.0004087889018648487
-0.9795880819508754
0.8299523939230906
0.0004087889018648487
0.060153040621039586
-0.002799612014229248
0.060153040621039586
0.060153040621039586
0.033670714199985595
-0.03105277671244364
0.014044454409966538
0.02485641023608142
0.8299523939230906
-0.006015486651630621
0.005846350653273035
-0.008113622902516073
-0.01861292736231619
-0.6320871105560312
-0.02088683093118667
-0.6320871105560312
0.009990468946609812
-0.0420492890523952
-0.49973661527443286
0.002365140235534449
-0.012081782988817213
0.027880258788100812
0.040119010673180695
-0.011287103571635855
0.0013617609893771892
0.009432408956935924
0.009432408956935924
0.0013617609893771892
0.04157804208312567
0.04880327564366253
-0.004259481676092086
0.08512074747314609
-0.0007517883074158077
-0.0007517883074158077
-0.06769664391988532
0.012873972548816804
0.5692413076986947
-1.3471125267993966
0.030171840342961855
0.04955745338402044
0.04880327564366253
-0.0040883703910369615
0.05573694692821421
0.009397218975433585
0.02836802181000941
0.020324150339897006
-0.8299523939230906
0.0004087889018648487
0.004850806157714408
0.005846350653273035
0.010827724921599424
0.0031558026831292204
0.018490011412776182
0.033670714199985595
-0.025062487415492524
0.060153040621039586
-0.051859492339044924
0.034154034924244236
-0.6320871105560312
-0.8299523939230906
-0.02977279923196364
-0.02977279923196364
0.033670714199985595
-0.015833665780785936
0.03137769477514059
0.005932234126996196
0.12977799593296582
-0.025062487415492524
0.04880327564366253
-0.0007517883074158077
-0.002799612014229248
0.816804288098561
0.04880327564366253
-0.012081782988817213
-0.012081782988817213
0.03466991673325895
-0.0007517883074158077
-0.006015486651630621
0.010205932887596183
0.020768562715052633
0.004850806157714408
-0.0007517883074158077
0.8299523939230906
0.006235009059823278
-0.011287103571635855
0.004850806157714408
0.47470506800119117
0.033670714199985595
0.008905887158231115
0.008905887158231115
-0.008513946295070901
-0.593545241308014
0.08640468382654512
-0.01396295308488329
0.05303005719543405
-0.0051509252428809365
-0.004730147678685869
-0.0420492890523952
0.10129319982113143
0.022454362017589213
0.03285873652257241
0.0031558026831292204
-0.012081782988817213
0.005846350653273035
0.0014921050128428107
0.019634349773517336
-0.017712678000627816
0.013037249083273292
0.04880327564366253
-0.01396295308488329
-0.025062487415492524
-0.009499709796559149
-0.012081782988817213
-0.028376736310145603
-0.7035157863280591
5.134334494526415e-05
0.0642901873142674
0.0642901873142674
0.0642901873142674
-0.46137701101387185
0.0642901873142674
0.04880327564366253
0.04880327564366253
0.8692476628576099
-0.8299523939230906
-0.0019849556429261594
0.0715916934998058
0.4127085718009416
0.8299523939230906
0.032209788446240006
-0.8299523939230906
-0.7307540709646766
0.0005788345280461749
0.008893769853279838
0.009990468946609812
-0.006015486651630621
0.02626544531381647
-0.5403013039988346
-0.001962140251617214
0.04880327564366253
-0.001962140251617214
0.033670714199985595
0.007147691108372623
0.039919963190546116
0.010221270407835882
-0.03937468446773865
0.046848322779776685
0.0555266369915941
0.0555266369915941
0.0004087889018648487
-0.0420492890523952
-0.0012970247026511882
-0.0012970247026511882
-0.006015486651630621
0.0004087889018648487
-0.06521085350484628
0.04880327564366253
0.0004087889018648487
-0.036284107743247855
0.0018281029399986348
0.0018281029399986348
0.0018281029399986348
0.008298918073983341
0.02836802181000941
0.018093626149438508
0.018093626149438508
-0.002799612014229248
-0.8299523939230906
0.033670714199985595
-0.03775436010955867
-0.01396295308488329
-0.012081782988817213
0.005846350653273035
-0.06770046170089739
0.0045198685146722725
-0.0007517883074158077
-0.07671210139316219
-0.01396295308488329
-0.025062487415492524
-0.025062487415492524
-0.035090470210307666
0.033670714199985595
0.8299523939230906
0.023766682742860402
0.012924765635324896
0.012924765635324896
0.012924765635324896
0.05798478999191551
0.05798478999191551
0.0004087889018648487
0.0023985956165334887
-0.006015486651630621
0.04880327564366253
0.04880327564366253
-0.0007517883074158077
0.01570120537871581
0.8299523939230906
-0.006015486651630621
-0.4384475898913814
-0.0023625839821611655
0.0006337632673331869
0.004850806157714408
0.0022265049876535356
0.020768562715052633
0.04880327564366253
0.06238137980348368
0.04880327564366253
0.0024623276608628426
0.0031049349009056736
0.0031049349009056736
-0.006689341599304657
0.00653136929059773
-0.8299523939230906
-0.4176284912707149
-0.004841427695663078
-0.01639663078910791
0.060153040621039586
0.060153040621039586
-0.005835727262630819
-0.17288323341614933
-0.005835727262630819
-0.17288323341614933
-0.0018320120157740124
-0.0420492890523952
0.0004087889018648487
-0.01396295308488329
0.04880327564366253
-0.002799612014229248
-0.006015486651630621
-0.02977279923196364
0.0004087889018648487
0.005846350653273035
-0.025062487415492524
0.0004087889018648487
0.004850806157714408
0.039135326197331226
0.039135326197331226
0.039135326197331226
0.0048534205077552664
-0.10229412240820268
0.04880327564366253
-0.0420492890523952
-0.5190811866536986
0.0004087889018648487
-0.6320871105560312
-0.025062487415492524
0.0004087889018648487
0.005846350653273035
0.033670714199985595
-0.0005646365324433326
0.0004087889018648487
-0.46522057412113665
-0.0075381671106655584
0.033670714199985595
0.42963514760035953
0.005846350653273035
0.10841834112296116
0.42963514760035953
0.04880327564366253
0.005846350653273035
0.0004087889018648487
0.013387713080655197
0.060153040621039586
-0.006800837403904284
-0.006800837403904284
-0.006800837403904284
-0.006800837403904284
0.005846350653273035
0.04880327564366253
-0.8299523939230906
0.04880327564366253
-0.8299523939230906
0.014044454409966538
0.04635582902922273
0.06226111970160424
-0.021343387743083767
0.9114007133973604
-0.007028202862219516
-0.05695025433289038
0.8299523939230906
-0.011287103571635855
-0.6320871105560312
0.289344934665132
0.04880327564366253
0.04880327564366253
-0.006092922008732772
0.004850806157714408
0.8299523939230906
-0.002799612014229248
-0.8299523939230906
0.769870231236492
0.0004087889018648487
-0.01396295308488329
-0.002799612014229248
-0.49617269404000075
-0.0007517883074158077
-0.8299523939230906
-0.08194020390915403
0.020115340383891525
0.0025139424002409197
0.022454362017589213
0.060153040621039586
-0.0420492890523952
-0.003271838327323607
-0.003271838327323607
-0.10229412240820268
-0.0007517883074158077
0.0004087889018648487
0.03786956580135913
-0.00011212656841900871
-0.6320871105560312
0.0004087889018648487
0.010096204881595612
0.010096204881595612
-0.8299523939230906
-0.01396295308488329
0.04880327564366253
0.005542953256150509
-0.025062487415492524
-0.012081782988817213
-0.0420492890523952
0.03082974360562469
0.009432408956935924
0.009432408956935924
0.020768562715052633
0.033670714199985595
-0.0052445604719633405
-0.01396295308488329
-0.006015486651630621
-0.01688338956861986
0.04880327564366253
-0.011287103571635855
-0.21298088186248393
-0.025062487415492524
0.0004087889018648487
0.0010115791758092197
0.0010115791758092197
0.0010115791758092197
0.04880327564366253
-0.025062487415492524
-0.02977279923196364
-0.006015486651630621
0.03289034940925694
-0.011287103571635855
-0.032075668139382035
-0.0007087959434581978
-0.05110738947967181
-0.8282583614928062
-0.011287103571635855
-0.02622995654945232
0.06322320051663988
-0.40076383436162377
0.0004087889018648487
-0.02977279923196364
0.060153040621039586
-0.011287103571635855
0.012026176178424367
-0.8299523939230906
-0.8299523939230906
-0.6320871105560312
0.04666946803888626
-0.08404263931344
-0.03403819016910045
-0.03403819016910045
-0.8299523939230906
-0.0052445604719633405
-0.02514217114483308
-0.019077617707673727
0.060153040621039586
0.8848425817273978
-0.006914134205198725
0.04880327564366253
0.06652417017299019
-0.006015486651630621
-0.006015486651630621
-0.03556777583205283
-0.7307540709646766
-0.004784343570009048
-0.01033979590921204
0.04880327564366253
0.005005434588226219
0.8299523939230906
-0.01033979590921204
-0.01033979590921204
-0.025062487415492524
0.033670714199985595
0.0004087889018648487
0.04880327564366253
0.09068972803637003
-0.8299523939230906
-0.8299523939230906
-0.012070661626738645
-0.08194020390915403
-0.025062487415492524
-0.015757617242930764
-0.02088683093118667
0.0004087889018648487
0.000151682099513384
-0.012081782988817213
-0.0420492890523952
0.04880327564366253
0.001587325450997607
0.001587325450997607
-0.8299523939230906
-0.006015486651630621
0.043737080240677205
0.05632275222641693
0.002513054351179422
-0.04381318687519995
0.1136279522996164
-0.025062487415492524
-0.002799612014229248
0.033670714199985595
-0.006914134205198725
0.020768562715052633
0.0648221867987721
-0.534127501876355
0.004530145750798283
-0.05887259006769503
0.0016869861344598917
-0.006015486651630621
-0.9939861470413847
0.043737080240677205
0.04880327564366253
0.04880327564366253
0.04880327564366253
0.12977799593296582
-0.011287103571635855
0.4365932378951413
-0.011287103571635855
0.04880327564366253
0.04786650837664154
0.04880327564366253
0.9114007133973604
0.033670714199985595
0.060153040621039586
-0.05589704474500196
-0.8093158766339111
0.005932234126996196
0.003702641716437266
0.033670714199985595
0.0022265049876535356
-0.025062487415492524
0.023015409835881222
0.023015409835881222
-0.025062487415492524
0.015442592212769377
0.015442592212769377
-0.012081782988817213
0.015341255025471368
-0.01396295308488329
-0.025062487415492524
-0.025062487415492524
0.009432408956935924
-0.02452491669864633
-0.012081782988817213
0.005846350653273035
0.0016377782570241913
0.060153040621039586
-0.6320871105560312
-0.010663394347602653
0.060153040621039586
0.005846350653273035
-0.006015486651630621
0.033670714199985595
-0.0420492890523952
9.998436489591472e-05
0.011380473215952204
0.005846350653273035
-0.8299523939230906
-0.1281422676583546
0.001661664286921298
0.010716522838697447
0.001661664286921298
0.0004087889018648487
-3.1788006639648285e-05
0.03229701644284132
-0.0007517883074158077
0.04880327564366253
-0.10541557336174742
-0.593545241308014
0.012924765635324896
-0.8825232776879645
0.060153040621039586
0.01539013922147344
0.04880327564366253
0.01602911956955482
0.01602911956955482
0.0048534205077552664
-0.0420492890523952
-0.015198752199434774
-0.015198752199434774
-0.015198752199434774
-0.006015486651630621
-0.011287103571635855
-0.009499709796559149
0.04880327564366253
-0.0007517883074158077
-0.034429662114266096
-0.028376736310145603
0.04719047895369543
0.12977799593296582
-0.017417994273689088
-0.017417994273689088
-0.0007517883074158077
-0.002799612014229248
-0.0038052902285176738
0.033670714199985595
-0.8299523939230906
-0.025062487415492524
0.0523485832847838
0.033670714199985595
0.022454362017589213
-0.016650758892317583
-0.0420492890523952
-0.003692176016749896
-0.003692176016749896
-0.012081782988817213
-0.006015486651630621
-0.02977279923196364
0.033670714199985595
0.04880327564366253
0.024892828547126766
0.024892828547126766
-0.02452491669864633
0.0004087889018648487
-0.025062487415492524
0.060153040621039586
0.08815953516825609
-0.024846882382599186
0.014044454409966538
-0.012081782988817213
-0.003144938606292767
-0.10568281803259066
0.04880327564366253
0.13319449496255023
0.005846350653273035
-0.012742840070576956
-0.5403013039988346
-0.13602809352731063
-4.756083549869202e-06
0.01539013922147344
0.04880327564366253
-0.013897967812439113
0.0010115791758092197
-0.025062487415492524
0.0004087889018648487
-0.04240749650561241
-0.9124738150915461
-3.1788006639648285e-05
-0.62750436882986
-0.6320871105560312
-0.02993654883928466
0.04880327564366253
0.9114007133973604
-0.0420492890523952
0.017420202777009314
0.04880327564366253
-0.6320871105560312
0.7451947489727511
0.05174844470873801
0.0016377782570241913
0.03373847776060695
-0.03693927216301073
0.8299523939230906
-0.036284107743247855
-0.8221038578151935
-0.0008772845789485244
-0.0008772845789485244
-0.6320871105560312
0.003702641716437266
-0.008513946295070901
0.12977799593296582
0.014105704896638059
0.014105704896638059
0.027569026640379656
0.027569026640379656
-0.7542121003870208
-0.8299523939230906
0.04786650837664154
-0.013191097358534815
-0.013191097358534815
-0.028083846110330143
-0.4436500598186506
0.022330782106134064
0.009990468946609812
0.009990468946609812
0.0004087889018648487
-0.04929950417998915
-0.046055801238819534
-0.060738904015909895
-0.8221038578151935
-0.8221038578151935
0.04406018070763146
0.4127085718009416
0.060153040621039586
-0.0007517883074158077
-0.025062487415492524
0.04880327564366253
0.04880327564366253
0.004850806157714408
0.033670714199985595
-3.1788006639648285e-05
0.02070374343308724
-0.023443914256863714
-0.023443914256863714
0.0024931354937252678
0.009539389820512612
-0.00835365343436257
-0.00835365343436257
0.04880327564366253
-0.019630034021068936
0.022415727733652094
0.043737080240677205
-0.025062487415492524
0.016496631753051702
0.04880327564366253
0.0004087889018648487
-0.006557719449152393
-0.04840830129939453
-0.006015486651630621
-0.006015486651630621
0.012982827739514704
0.0004087889018648487
0.009990468946609812
0.0004087889018648487
0.00812869566794211
0.00812869566794211
-0.014492379716966831
-0.014492379716966831
0.0014367471881681407
0.0014367471881681407
-0.09162425443192743
0.033670714199985595
0.04880327564366253
-0.006015486651630621
-0.0007517883074158077
0.009990468946609812
-0.012081782988817213
-0.01396295308488329
-0.07010927403140006
0.009990468946609812
0.020768562715052633
-0.025062487415492524
0.00026940503692461697
0.033670714199985595
0.03636353418734629
0.12977799593296582
0.0013617609893771892
-0.012081782988817213
-0.0420492890523952
-0.012081782988817213
-0.0018922914581446465
0.033670714199985595
-0.025062487415492524
-0.8206282107583223
-0.8206282107583223
-0.012081782988817213
-0.10567617841343926
0.06652417017299019
0.033670714199985595
-0.004867264113685904
0.0004087889018648487
-0.008513946295070901
0.04880327564366253
-0.0007517883074158077
-0.032101064682636085
-0.010047071699875364
-0.0025959911815601833
0.04880327564366253
-0.8299523939230906
0.060153040621039586
-0.098330269774826
0.060153040621039586
0.1433871403123197
-0.010257174148396997
-0.016487419281479156
0.11189169189152928
-0.0420492890523952
0.8129677376643347
-0.05996314751330998
-0.0024116507676898986
0.8299523939230906
-0.0024116507676898986
-0.008513946295070901
0.12977799593296582
-0.0007517883074158077
-0.8299523939230906
-0.02865953428885096
0.060153040621039586
0.7196566821561833
-0.012081782988817213
0.00807490562333956
-0.8299523939230906
0.10129319982113143
0.12977799593296582
0.033670714199985595
-0.02977279923196364
0.001228935408253738
0.001228935408253738
0.0021406298134543137
-0.012081782988817213
-0.0018320120157740124
0.033670714199985595
0.009990468946609812
0.010827724921599424
0.013811154792034756
0.04880327564366253
0.04880327564366253
-0.0007517883074158077
0.01711768512942435
-0.7035157863280591
0.04103342732223334
0.05897276532164155
-0.0018320120157740124
-0.01834402278668511
-0.012081782988817213
0.044077858693622025
0.060153040621039586
0.020115340383891525
-0.025062487415492524
0.0004087889018648487
0.020768562715052633
-0.0052445604719633405
0.033670714199985595
-0.019630034021068936
-0.01396295308488329
-0.030851421962153965
0.04880327564366253
-0.01396295308488329
-0.025062487415492524
0.024109237293928224
-0.012081782988817213
0.022454362017589213
0.004260145638007224
-0.025062487415492524
0.04880327564366253
0.014686765357004741
0.05065091566301411
0.023030680959929408
0.023030680959929408
-0.025062487415492524
0.0014367471881681407
-0.10229412240820268
-0.025062487415492524
0.0014367471881681407
0.7307540709646766
0.04880327564366253
0.0013617609893771892
0.004428028408249986
-0.009467662825930848
-0.009467662825930848
0.016797572491088212
0.0004087889018648487
-0.03736600878539417
0.0031558026831292204
-0.004555260004128304
-0.0007517883074158077
-0.020392372784884105
0.06870246322608073
0.02347893824788727
0.02347893824788727
-0.07010927403140006
-0.9939861470413847
-0.025062487415492524
-0.012081782988817213
0.04880327564366253
-3.1788006639648285e-05
-3.1788006639648285e-05
-0.06949324186701065
-0.012081782988817213
0.0016905051326101255
0.013811154792034756
-0.02605643840245482
-0.8299523939230906
-0.0035307004789882196
-0.0007517883074158077
-0.01396295308488329
-0.003004361269810074
-0.6320871105560312
-0.8299523939230906
0.033670714199985595
-0.008513946295070901
-0.014571059203910736
-0.01396295308488329
-0.02771136347593746
-0.04042905598897855
-0.04042905598897855
-0.01396295308488329
-0.6320871105560312
-0.01396295308488329
-0.0023625839821611655
0.0004087889018648487
-0.06702675614465424
0.04880327564366253
-0.0004918115296861571
-0.01396295308488329
-0.005309977319652358
0.060153040621039586
0.012534688010181044
-0.02865953428885096
-0.025062487415492524
-0.5403013039988346
-0.01396295308488329
-0.05193716758359218
-0.05193716758359218
0.9114007133973604
0.02264105150907827
0.04880327564366253
0.060153040621039586
0.0007054263367388691
-0.006015486651630621
-0.025062487415492524
0.0004087889018648487
-0.01396295308488329
